shape_id,shape_pt_lat,shape_pt_lon,shape_pt_sequence
SHP0001,35.882174316127,139.598706364632,1
SHP0001,35.8825980752391,139.598701000214,2
SHP0001,35.8826002483627,139.598789513111,3
SHP0001,35.8826024214864,139.599170386791,4
SHP0001,35.8827197701635,139.599170386791,5
SHP0001,35.8828284263461,139.599159657955,6
SHP0001,35.8829436018997,139.599135518074,7
SHP0001,35.8831217980391,139.599068462849,8
SHP0001,35.8832108961088,139.599014818668,9
SHP0001,35.883334764157,139.598920941353,10
SHP0001,35.8833977847429,139.598861932755,11
SHP0001,35.8834977484308,139.598733186722,12
SHP0001,35.8835998852425,139.598523974419,13
SHP0001,35.8836346552209,139.598424732685,14
SHP0001,35.8836672520757,139.598298668861,15
SHP0001,35.8838128513603,139.597609341145,16
SHP0001,35.8839345462848,139.597035348415,17
SHP0001,35.8839953937471,139.596761763096,18
SHP0001,35.8843256213777,139.596949443237,19
SHP0001,35.8844626153322,139.597027301788,20
SHP0001,35.8847125245521,139.597164094448,21
SHP0001,35.8849537412775,139.597298204899,22
SHP0001,35.8854839834485,139.597574472427,23
SHP0001,35.8859751093938,139.59784001112,24
SHP0001,35.8860446493506,139.597888290882,25
SHP0001,35.8861989411299,139.598038494587,26
SHP0001,35.8862923854469,139.598556160927,27
SHP0001,35.8869443225424,139.598365724087,28
SHP0001,35.8869269375532,139.598293304443,29
SHP0001,35.8868740779797,139.598055026806,30
SHP0001,35.8868269738652,139.597842693329,31
SHP0001,35.886816108247,139.597772955894,32
SHP0001,35.8868226276179,139.597713947296,33
SHP0001,35.88685957072,139.597654938698,34
SHP0001,35.8869138988113,139.597614705563,35
SHP0001,35.8869790925208,139.597582519054,36
SHP0001,35.8871116530636,139.597563743591,37
SHP0001,35.8872681179665,139.597553014755,38
SHP0001,35.887396332262,139.597542285919,39
SHP0001,35.8875810477724,139.597526192665,40
SHP0001,35.8876462414819,139.597502052784,41
SHP0001,35.8877462051699,139.597421586514,42
SHP0001,35.8877853213956,139.597354531288,43
SHP0001,35.8878135720031,139.597257971764,44
SHP0001,35.8878526882288,139.597013890743,45
SHP0001,35.8878679000944,139.596903920174,46
SHP0001,35.8879461325458,139.596351385117,47
SHP0001,35.8883220829376,139.596431851387,48
SHP0001,35.8883459872978,139.596437215805,49
SHP0001,35.8885307028081,139.596469402313,50
SHP0001,35.8886198008779,139.596464037895,51
SHP0001,35.8887545345443,139.596442580223,52
SHP0001,35.8889109994472,139.596402347088,53
SHP0001,35.8890500793609,139.596354067326,54
SHP0001,35.8892043537979,139.596303105354,55
SHP0001,35.8894998653954,139.596177041531,56
SHP0001,35.8896073374538,139.596125910676,57
SHP0001,35.8897084618172,139.596077799797,58
SHP0001,35.8897888583548,139.596034884453,59
SHP0001,35.8898105871487,139.596013426781,60
SHP0001,35.8900974072287,139.595704972744,61
SHP0001,35.8902799290977,139.595463573933,62
SHP0001,35.8904646238462,139.595248997211,63
SHP0001,35.8905776135747,139.595074653625,64
SHP0001,35.8906254169213,139.594956636429,65
SHP0001,35.8907166778559,139.594717919827,66
SHP0001,35.8909861149007,139.594176113605,67
SHP0001,35.8911154804878,139.593923272247,68
SHP0001,35.8912990095334,139.59356456995,69
SHP0001,35.8913337756037,139.593505561352,70
SHP0001,35.8915206432315,139.593186378479,71
SHP0001,35.8915445449049,139.59315687418,72
SHP0001,35.891583656734,139.593138098717,73
SHP0001,35.8916662261509,139.593143463135,74
SHP0001,35.8916683990303,139.593143463135,75
SHP0001,35.8917335854121,139.593154191971,76
SHP0001,35.891777043,139.593146145344,77
SHP0001,35.8919834665424,139.592955708504,78
SHP0001,35.8920225783715,139.592931568623,79
SHP0001,35.8920682088388,139.592918157578,80
SHP0001,35.8921160121854,139.592915475368,81
SHP0001,35.8921877172054,139.592942297459,82
SHP0001,35.8924310796975,139.593089818954,83
SHP0001,35.8925527609435,139.593191742897,84
SHP0001,35.8927613573653,139.593481421471,85
SHP0001,35.8928395810235,139.593535065651,86
SHP0001,35.8928982487671,139.593548476696,87
SHP0001,35.8929851639429,139.593545794487,88
SHP0001,35.8930807706362,139.593502879143,89
SHP0001,35.8931242282241,139.593459963799,90
SHP0001,35.8933588991986,139.593127369881,91
SHP0001,35.8934001839071,139.593071043491,92
SHP0001,35.8935971717479,139.592802349042,93
SHP0001,35.8937085154763,139.592650474482,94
SHP0001,35.8938347597858,139.592478275299,95
SHP0001,35.8939694783082,139.59228515625,96
SHP0001,35.8940433562076,139.592183232307,97
SHP0001,35.8942410882325,139.591923058033,98
SHP0001,35.8944409931367,139.591665565968,99
SHP0001,35.8947278132166,139.591268599033,100
SHP0001,35.8945909218148,139.59119617939,101
SHP0001,35.8943041017349,139.590992331505,102
SHP0001,35.8934523330125,139.59035128355,103
SHP0001,35.893371936475,139.590284228325,104
SHP0001,35.8931210449783,139.590095865259,105
SHP0001,35.8927896047975,139.589847028255,106
SHP0001,35.892461500009,139.589584171772,107
SHP0001,35.8924332525769,139.589560031891,108
SHP0001,35.8920182326127,139.5892354846,109
SHP0001,35.891909588643,139.58915501833,110
SHP0001,35.8916683990303,139.588969945908,111
SHP0001,35.8915467177843,139.588878750801,112
SHP0001,35.8912837993776,139.588621258736,113
SHP0001,35.8910795487146,139.588361084461,114
SHP0001,35.8908709522928,139.588087499142,115
SHP0001,35.8907079863383,139.587870240211,116
SHP0001,35.8904754882432,139.587529599667,117
SHP0001,35.8903777086704,139.58741158247,118
SHP0001,35.8902755833389,139.5873016119,119
SHP0001,35.8899453056711,139.587017297745,120
SHP0001,35.8898428791869,139.586934211515,121
SHP0001,35.8895650517772,139.586708843708,122
SHP0001,35.8894542349281,139.586614966393,123
SHP0001,35.8891456860542,139.586365520954,124
SHP0001,35.8895346314657,139.585665464401,125
SHP0001,35.8897106346966,139.585386514664,126
SHP0001,35.8899235768772,139.585094153881,127
SHP0001,35.8901060987462,139.584876894951,128
SHP0001,35.8902408172686,139.584721326828,129
SHP0001,35.8905363288662,139.584431648254,130
SHP0001,35.8906906033031,139.584305584431,131
SHP0001,35.8907230388338,139.584281529669,132
SHP0001,35.8910597099048,139.584031848456,133
SHP0001,35.8912403417898,139.58389788866,134
SHP0001,35.8909969792977,139.583466053009,135
SHP0001,35.890877470931,139.583331942558,136
SHP0001,35.8907384066498,139.583176374435,137
SHP0001,35.8906536643535,139.583077132702,138
SHP0001,35.8904624509668,139.582859873772,139
SHP0001,35.8901669393693,139.582500457764,140
SHP0001,35.8899757259826,139.582269787788,141
SHP0001,35.8898714277717,139.582146406174,142
SHP0001,35.889365146873,139.581532180309,143
SHP0001,35.8892391198682,139.581368565559,144
SHP0001,35.8892977876118,139.581298828125,145
SHP0001,35.889425987496,139.581145942211,146
SHP0001,35.8897577073493,139.580729966583,147
SHP0001,35.890110444505,139.580287635326,148
SHP0001,35.8904733153638,139.579823613167,149
SHP0001,35.8905863050922,139.579716324806,150
SHP0001,35.8909513488304,139.579536616802,151
SHP0001,35.8915076059552,139.579249620438,152
SHP0001,35.8916640532715,139.579171836376,153
SHP0001,35.8916683990303,139.579171836376,154
SHP0001,35.8918591397576,139.579076500412,155
SHP0001,35.8920225783715,139.578994810581,156
SHP0001,35.8922529035872,139.578879475594,157
SHP0001,35.8923963136272,139.578815102577,158
SHP0001,35.893013411375,139.57850933075,159
SHP0001,35.8932611196259,139.578361809254,160
SHP0001,35.8931720315707,139.578090906143,161
SHP0001,35.8931481298974,139.578013122082,162
SHP0001,35.8930677333599,139.577766358852,163
SHP0001,35.8930225003342,139.577625555565,164
SHP0001,35.8929677809077,139.577455222607,165
SHP0001,35.892941706355,139.577380120754,166
SHP0001,35.8941215798658,139.576808810234,167
SHP0001,35.8943041017349,139.576733708382,168
SHP0001,35.8944257829809,139.5767390728,169
SHP0001,35.8945626743827,139.576763212681,170
SHP0001,35.8946973929051,139.576811492443,171
SHP0001,35.8954839752457,139.577205777168,172
SHP0001,35.8956860530293,139.577288925648,173
SHP0001,35.8957664495668,139.577318429947,174
SHP0001,35.8959359341595,139.577353298664,175
SHP0001,35.8959294009106,139.577623464862,176
SHP0001,35.8959272663767,139.577711733184,177
SHP0001,35.895927242642,139.577712714672,178
SHP0001,35.8959207240038,139.577822685242,179
SHP0001,35.8958316359486,139.578723907471,180
SHP0001,35.8958055613959,139.578992128372,181
SHP0001,35.8957721219253,139.579349869179,182
SHP0001,35.8957664495668,139.579410552979,183
SHP0001,35.8957599178878,139.579483117501,184
SHP0001,35.8957425478935,139.579676091671,185
SHP0001,35.8957251648583,139.579877257347,186
SHP0001,35.8957686224462,139.580054283142,187
SHP0001,35.8958077342753,139.580161571503,188
SHP0001,35.8959098596068,139.580368101597,189
SHP0001,35.8959685273504,139.580475389957,190
SHP0001,35.8960663069232,139.58060413599,191
SHP0001,35.8963074965359,139.580869674683,192
SHP0001,35.8966768860328,139.581298828125,193
SHP0001,35.8967790113643,139.581419527531,194
SHP0001,35.8968746180576,139.581537544727,195
SHP0001,35.8969550145952,139.581671655178,196
SHP0001,35.8970223738564,139.581816494465,197
SHP0001,35.8970614856855,139.581947922707,198
SHP0001,35.8970897331176,139.582084715366,199
SHP0001,35.8971136347909,139.582358300686,200
SHP0001,35.8971375364643,139.583034217358,201
SHP0001,35.8971484008612,139.583331942558,202
SHP0001,35.8971592652582,139.583753049374,203
SHP0001,35.897163611017,139.583989083767,204
SHP0001,35.8971679567758,139.584243893623,205
SHP0001,35.8971679567758,139.584305584431,206
SHP0001,35.8971679567758,139.584472281183,207
SHP0001,35.8971679567758,139.584600627422,208
SHP0001,35.8971570923788,139.585061967373,209
SHP0001,35.8971532373317,139.585143102902,210
SHP0001,35.8971136347909,139.585976600647,211
SHP0001,35.8971049432734,139.58623945713,212
SHP0001,35.8970940788764,139.586437940598,213
SHP0001,35.8970897331176,139.586534500122,214
SHP0001,35.8970810416,139.586711525917,215
SHP0001,35.897022391008,139.587824964477,216
SHP0001,35.8970180280976,139.587907791138,217
SHP0001,35.8969723976303,139.588736593723,218
SHP0001,35.8972418954984,139.588832646039,219
SHP0001,35.8978980442521,139.589066505432,220
SHP0001,35.8979501933575,139.589085280895,221
SHP0001,35.8981522484228,139.589168429375,222
SHP0001,35.8983608213934,139.589275717735,223
SHP0001,35.8983847203797,139.589286446571,224
SHP0001,35.8986324007823,139.589433968067,225
SHP0001,35.8986541271334,139.589450061321,226
SHP0001,35.8986823713898,139.589466154575,227
SHP0001,35.898843146388,139.589506387711,228
SHP0001,35.8990691004395,139.589538574219,229
SHP0001,35.8991538332089,139.589568078518,230
SHP0001,35.899312435572,139.589664638042,231
SHP0001,35.8993471977337,139.589053094387,232
SHP0001,35.8994036862466,139.588044583797,233
SHP0001,35.899431930503,139.587736129761,234
SHP0001,35.8994580021244,139.587443768978,235
SHP0001,35.8995176643731,139.586935933384,236
SHP0001,35.8995405622586,139.586741030216,237
SHP0001,35.8996318129332,139.586065113544,238
SHP0001,35.8997208909728,139.585383832455,239
SHP0001,35.8997187183377,139.585035145283,240
SHP0001,35.8997178338261,139.584821119843,241
SHP0001,35.8997143730674,139.583983719349,242
SHP0001,35.8997165457026,139.583592116833,243
SHP0001,35.8997317541483,139.583356082439,244
SHP0001,35.8997382720537,139.583331942558,245
SHP0001,35.8997599984048,139.58321928978,246
SHP0001,35.8999511902945,139.582664072514,247
SHP0001,35.9000011609021,139.582521915436,248
SHP0001,35.9000641673203,139.582355618477,249
SHP0001,35.9001880075216,139.582044482231,250
SHP0001,35.9002249423185,139.581942558289,251
SHP0001,35.9003705088709,139.581564366817,252
SHP0001,35.9004030983976,139.58147585392,253
SHP0001,35.9004595869104,139.581298828125,254
SHP0001,35.9004747953562,139.581242501736,255
SHP0001,35.9005008669775,139.581159353256,256
SHP0001,35.9005317146776,139.581056106615,257
SHP0001,35.9005986355575,139.580832123756,258
SHP0001,35.9006616419757,139.580590724945,259
SHP0001,35.9006811956917,139.580499529839,260
SHP0001,35.9008137264335,139.5799523592,261
SHP0001,35.9008593517708,139.57975924015,262
SHP0001,35.9009592929859,139.579423964024,263
SHP0001,35.9010331625797,139.579268395901,264
SHP0001,35.9011678659565,139.579077959061,265
SHP0001,35.9012612892663,139.578949213028,266
SHP0001,35.901391647373,139.578796327114,267
SHP0001,35.9015763213574,139.578595161438,268
SHP0001,35.9016002203436,139.578568339348,269
SHP0001,35.9018109659493,139.578324258327,270
SHP0001,35.9018978713538,139.578187465668,271
SHP0001,35.9019730039561,139.578030298586,272
SHP0001,35.9019760862178,139.578023850918,273
SHP0001,35.9020629916222,139.577790498734,274
SHP0001,35.9022215939853,139.577498137951,275
SHP0001,35.9023476068217,139.57731038332,276
SHP0001,35.9025148997252,139.577082395554,277
SHP0001,35.9028516581674,139.577490091324,278
SHP0001,35.9029668078283,139.577629566193,279
SHP0001,35.9032318693118,139.577951431274,280
SHP0001,35.9033861264046,139.578141868114,281
SHP0001,35.9034058640849,139.578164378574,282
SHP0001,35.9036142530913,139.578402042389,283
SHP0001,35.903727230117,139.578533470631,284
SHP0001,35.9038315166023,139.578638076782,285
SHP0001,35.9040248811272,139.578831195831,286
SHP0001,35.9041747929498,139.578984081745,287
SHP0001,35.9041878287605,139.57899749279,288
SHP0001,35.9044311638929,139.579236209393,289
SHP0001,35.9047570591595,139.579550027847,290
SHP0001,35.9048331013884,139.579617083073,291
SHP0001,35.9048917625364,139.579665362835,292
SHP0001,35.9050894723315,139.579769968987,293
SHP0001,35.905256765235,139.579804837704,294
SHP0001,35.9053393253692,139.579810202122,295
SHP0001,35.9055370351643,139.579780697823,296
SHP0001,35.9056130773932,139.579756557941,297
SHP0001,35.9057227520335,139.579698530255,298
SHP0001,35.9057651618509,139.579676091671,299
SHP0001,35.9058781388767,139.579579532146,300
SHP0001,35.9060128422536,139.579423964024,301
SHP0001,35.9061953436029,139.579217433929,302
SHP0001,35.9061996831258,139.579213197906,303
SHP0001,35.9062887669126,139.579126238823,304
SHP0001,35.9063908807628,139.579045772552,305
SHP0001,35.9064864767077,139.578984081745,306
SHP0001,35.9066016263686,139.578927755356,307
SHP0001,35.9067580560965,139.578876793385,308
SHP0001,35.9068493067712,139.578855335712,309
SHP0001,35.9069318576217,139.578841924667,310
SHP0001,35.9071230280124,139.578839242458,311
SHP0001,35.9072273027709,139.578847289085,312
SHP0001,35.9074771277132,139.578895568848,313
SHP0001,35.9075184031385,139.578737318516,314
SHP0001,35.9075336098741,139.578680992126,315
SHP0001,35.907579230081,139.578466415405,316
SHP0001,35.9077269526556,139.577997028828,317
SHP0001,35.9078551237129,139.577688574791,318
SHP0001,35.9079832947703,139.577420353889,319
SHP0001,35.9081440516897,139.577122628689,320
SHP0001,35.9083352220804,139.576835632324,321
SHP0001,35.9086132881031,139.576446712017,322
SHP0001,35.908680632218,139.57635819912,323
SHP0001,35.9088761473903,139.576081931591,324
SHP0001,35.9090803521257,139.576352834702,325
SHP0001,35.9092902695165,139.576627150309,326
SHP0001,35.9093779696657,139.576741755009,327
SHP0001,35.9094116428113,139.576785242113,328
SHP0001,35.9095669676656,139.576985836029,329
SHP0001,35.9097038282862,139.577154815197,330
SHP0001,35.9098059306539,139.577267467976,331
SHP0001,35.90990368824,139.577350616455,332
SHP0001,35.9100448936422,139.57741767168,333
SHP0001,35.9105727846073,139.577565193176,334
SHP0001,35.9113482835076,139.577778802301,335
SHP0001,35.9114799998051,139.577815083207,336
SHP0001,35.9116828763076,139.577870965004,337
SHP0001,35.9117350136868,139.577884376049,338
SHP0001,35.911854495181,139.57790851593,339
SHP0001,35.9119826662384,139.577895104885,340
SHP0001,35.9120456655716,139.577873647213,341
SHP0001,35.9120978029509,139.577841460705,342
SHP0001,35.9121760090198,139.577774405479,343
SHP0001,35.9123020076864,139.577648341656,344
SHP0001,35.912493178077,139.577506184578,345
SHP0001,35.9124258339621,139.576865136623,346
SHP0001,35.9124214891805,139.576798081398,347
SHP0001,35.9124176125712,139.576737985804,348
SHP0001,35.9124119346468,139.57664996604,349
SHP0001,35.9124019376633,139.576494991779,350
SHP0001,35.9124062824449,139.576197266579,351
SHP0001,35.9124258339621,139.57603096962,352
SHP0001,35.9124779713414,139.575808346272,353
SHP0001,35.912493178077,139.575752019882,354
SHP0001,35.9125822460999,139.575542807579,355
SHP0001,35.912658279778,139.575389921665,356
SHP0001,35.9127951403986,139.575140476227,357
SHP0001,35.9128755188583,139.574998319149,358
SHP0001,35.9128950703755,139.57496881485,359
SHP0001,35.9130753788122,139.574646949768,360
SHP0001,35.9132904455017,139.57426071167,361
SHP0001,35.9134229613406,139.574024677277,362
SHP0001,35.9136228212945,139.573686718941,363
SHP0001,35.9137944401679,139.57338899374,364
SHP0001,35.9138357155932,139.573295116425,365
SHP0001,35.9138835081908,139.573163688183,366
SHP0001,35.9139443351333,139.572941064835,367
SHP0001,35.9139660590414,139.572731852531,368
SHP0001,35.913992127731,139.572270512581,369
SHP0001,35.9140103813533,139.571949980736,370
SHP0001,35.9140189576242,139.571799382247,371
SHP0001,35.9140312307654,139.571583867073,372
SHP0001,35.9140486098919,139.571280777454,373
SHP0001,35.9140746785815,139.570773839951,374
SHP0001,35.9140942300987,139.570468068123,375
SHP0001,35.9141029196619,139.5703125,376
SHP0001,35.9141311607424,139.569781422615,377
SHP0001,35.9141496540125,139.569502856552,378
SHP0001,35.9141637466044,139.569290578365,379
SHP0001,35.9141724361676,139.569164514542,380
SHP0001,35.91417895334,139.569102823734,381
SHP0001,35.9142048174133,139.56883290648,382
SHP0001,35.9142701937538,139.568150639534,383
SHP0001,35.9142875728802,139.568008482456,384
SHP0001,35.9143245035238,139.567667841911,385
SHP0001,35.9144352954548,139.566734433174,386
SHP0001,35.914443985018,139.56666469574,387
SHP0001,35.9144633006775,139.566487534176,388
SHP0001,35.9145048119605,139.566106796265,389
SHP0001,35.9145198436761,139.56595832131,390
SHP0001,35.9145504321673,139.56565618515,391
SHP0001,35.9152303904886,139.565224349499,392
SHP0001,35.9156692134308,139.564956128597,393
SHP0001,35.9157474194997,139.564915895462,394
SHP0001,35.9158516825303,139.564878344536,395
SHP0001,35.9159906999043,139.564856886864,396
SHP0001,35.9160732414702,139.564862251282,397
SHP0001,35.9161101679602,139.564875662327,398
SHP0001,35.9162100866978,139.56494808197,399
SHP0001,35.9165684908654,139.565291404724,400
SHP0001,35.916668409603,139.565173387527,401
SHP0001,35.9167227132648,139.565127789974,402
SHP0001,35.9167466068759,139.565125107765,403
SHP0001,35.9167878776589,139.565135836601,404
SHP0001,35.91684869776,139.565122425556,405
SHP0001,35.9168617306388,139.565127789974,406
SHP0001,35.9168769356641,139.565146565437,407
SHP0001,35.9169182064471,139.565240442753,408
SHP0001,35.91692255074,139.56527531147,409
SHP0001,35.9169138621541,139.565307497978,410
SHP0001,35.9168899685429,139.565345048904,411
SHP0001,35.9168706245831,139.565367797762,412
SHP0001,35.9167531233153,139.565505981445,413
SHP0001,35.9169659936694,139.565744698048,414
SHP0001,35.9171462818264,139.565964639187,415
SHP0001,35.917209274074,139.566053152084,416
SHP0001,35.9172722663217,139.566163122654,417
SHP0001,35.9173048485187,139.566235542297,418
SHP0001,35.9174004229634,139.566487669945,419
SHP0001,35.9174873088222,139.56666469574,420
SHP0001,35.9175807111204,139.566782712936,421
SHP0001,35.9176306704892,139.566822946072,422
SHP0001,35.9176871462975,139.566844403744,423
SHP0001,35.9177523106916,139.566865861416,424
SHP0001,35.9178239915251,139.566876590252,425
SHP0001,35.917934770995,139.566879272461,426
SHP0001,35.9180325175862,139.566860496998,427
SHP0001,35.9181454692026,139.566806852818,428
SHP0001,35.9183539952638,139.56666469574,429
SHP0001,35.9184669468802,139.566586911678,430
SHP0001,35.9187917923574,139.566300186549,431
SHP0001,35.9190686314524,139.566055834293,432
SHP0001,35.9190903529171,139.56603705883,433
SHP0001,35.919191642665,139.565951311834,434
SHP0001,35.9195117493323,139.565680325031,435
SHP0001,35.9197658904693,139.565481841564,436
SHP0001,35.9200330644851,139.565296769142,437
SHP0001,35.9203154435262,139.565114378929,438
SHP0001,35.9203501978697,139.565095603466,439
SHP0001,35.9207455285273,139.564854204655,440
SHP0001,35.9208345865325,139.564800560474,441
SHP0001,35.9211886464072,139.564607441425,442
SHP0001,35.921308114463,139.564551115036,443
SHP0001,35.9214601647159,139.564470648766,444
SHP0001,35.9215600834535,139.56440359354,445
SHP0001,35.9216252478476,139.564344584942,446
SHP0001,35.9216882400953,139.564272165298,447
SHP0001,35.9218967661564,139.563971757889,448
SHP0001,35.922107464364,139.563676714897,449
SHP0001,35.9222725474957,139.563448727131,450
SHP0001,35.9223007853998,139.563413858414,451
SHP0001,35.9225505822439,139.563102722168,452
SHP0001,35.9225657872692,139.563083946705,453
SHP0001,35.9226938230763,139.562913900164,454
SHP0001,35.9227465972692,139.562843809857,455
SHP0001,35.9230545202249,139.562434852123,456
SHP0001,35.9224977338121,139.561526329319,457
SHP0001,35.9222974483435,139.561199518335,458
SHP0001,35.9225637047905,139.560967683792,459
SHP0001,35.9226217890604,139.561079646051,460
SHP0001,35.9227418152685,139.561311006546,461
SHP0001,35.9224977338121,139.561526329319,462
SHP0001,35.9230545202249,139.562434852123,463
SHP0001,35.923124028912,139.562585055828,464
SHP0001,35.9232587019931,139.562928378582,465
SHP0001,35.9233499321449,139.563161730766,466
SHP0001,35.9234020636601,139.563303887844,467
SHP0001,35.9234389901501,139.563400447369,468
SHP0001,35.9234737444936,139.563480913639,469
SHP0001,35.9236019011354,139.563824236393,470
SHP0001,35.9236344833324,139.563931524754,471
SHP0001,35.9236822705548,139.564151465893,472
SHP0001,35.9237452628024,139.56445723772,473
SHP0001,35.9239255509594,139.56538528204,474
SHP0001,35.9240167811112,139.565827846527,475
SHP0001,35.9240493633082,139.565953910351,476
SHP0001,35.9241319048741,139.566206037998,477
SHP0001,35.9242318236117,139.566423296928,478
SHP0001,35.9243708409858,139.56666469574,479
SHP0001,35.9245424405569,139.566930234432,480
SHP0001,35.924644531441,139.567093849182,481
SHP0001,35.9247531265466,139.567284286022,482
SHP0001,35.924798736491,139.567380845547,483
SHP0001,35.9248790968691,139.567622244358,484
SHP0001,35.9249181911072,139.567818045616,485
SHP0001,35.9249399101283,139.568032622337,486
SHP0001,35.9249355663241,139.569218158722,487
SHP0001,35.9249312225198,139.569336175919,488
SHP0001,35.9249181911072,139.569660723209,489
SHP0001,35.924896472086,139.570020139217,490
SHP0001,35.9248812687712,139.5703125,491
SHP0001,35.924876924967,139.570376873016,492
SHP0001,35.9248704092607,139.570527076721,493
SHP0001,35.9248595497501,139.570704102516,494
SHP0001,35.9248470467402,139.570901125829,495
SHP0001,35.9248052521973,139.571559727192,496
SHP0001,35.9248009083931,139.571731388569,497
SHP0001,35.9248074240994,139.57183599472,498
SHP0001,35.9248247993163,139.571921825409,499
SHP0001,35.9248465183374,139.57199960947,500
SHP0001,35.9248602624505,139.572031314518,501
SHP0001,35.9249616291494,139.572265148163,502
SHP0001,35.9249855200726,139.572316110134,503
SHP0001,35.9250007233874,139.57235366106,504
SHP0001,35.9250941151782,139.572546780109,505
SHP0001,35.9251201780036,139.572616517544,506
SHP0001,35.9251679598501,139.572788178921,507
SHP0001,35.9252331169134,139.573136866093,508
SHP0001,35.9252700392493,139.573262929916,509
SHP0001,35.9253286806064,139.573397040367,510
SHP0001,35.9256262311958,139.574005901814,511
SHP0001,35.9257413420077,139.574239253998,512
SHP0001,35.9261083934647,139.574998319149,513
SHP0001,35.926423319271,139.575634002686,514
SHP0001,35.9265145391597,139.575816392899,515
SHP0001,35.9265905557336,139.575982689857,516
SHP0001,35.9266448532865,139.576132893562,517
SHP0001,35.926675259916,139.576253592968,518
SHP0001,35.9266969789372,139.576376974583,519
SHP0001,35.9267013227414,139.576607644558,520
SHP0001,35.9266405094822,139.577254056931,521
SHP0001,35.9266448532865,139.577358663082,522
SHP0001,35.9266644004055,139.57747399807,523
SHP0001,35.9266926351329,139.577586650848,524
SHP0001,35.9269467476801,139.578420817852,525
SHP0001,35.9269901857223,139.578597843647,526
SHP0001,35.9270162485477,139.578737318516,527
SHP0001,35.9270379675688,139.578906297684,528
SHP0001,35.9270879213174,139.579906761646,529
SHP0001,35.9263125522633,139.579971134663,530
SHP0001,35.9261678781547,139.579980792313,531
SHP0001,35.9259675323824,139.579994166298,532
SHP0001,35.9259107503725,139.579997956753,533
SHP0001,35.9256197154894,139.580022096634,534
SHP0001,35.9250007233874,139.580065011978,535
SHP0001,35.9248877844776,139.580073058605,536
SHP0001,35.924644531441,139.580089151859,537
SHP0001,35.9244316610869,139.580107927322,538
SHP0001,35.923627966893,139.580166935921,539
SHP0001,35.923119684619,139.580207169056,540
SHP0001,35.9229480850479,139.58022326231,541
SHP0001,35.9227873462091,139.580236673355,542
SHP0001,35.9227504197191,139.580225944519,543
SHP0001,35.922726526108,139.580201804638,544
SHP0001,35.9227048046432,139.580164253712,545
SHP0001,35.9226001034053,139.579857196755,546
SHP0002,35.9226001034053,139.579857196755,1
SHP0002,35.9224962785821,139.579552710056,2
SHP0002,35.9224875899962,139.579466879368,3
SHP0002,35.9225071393145,139.579423964024,4
SHP0002,35.9225397215115,139.579394459724,5
SHP0002,35.9226266073703,139.579354226589,6
SHP0002,35.9226591895674,139.579348862171,7
SHP0002,35.922685255325,139.579362273216,8
SHP0002,35.9227091489362,139.579399824142,9
SHP0002,35.9227395589868,139.579507112503,10
SHP0002,35.9227504197191,139.579807519913,11
SHP0002,35.9227677968909,139.579933583736,12
SHP0002,35.922828616992,139.580115973949,13
SHP0002,35.9228677156285,139.580166935921,14
SHP0002,35.9229480850479,139.58022326231,15
SHP0002,35.923119684619,139.580207169056,16
SHP0002,35.923627966893,139.580166935921,17
SHP0002,35.9244316610869,139.580107927322,18
SHP0002,35.924644531441,139.580089151859,19
SHP0002,35.9248877844776,139.580073058605,20
SHP0002,35.9250007233874,139.580065011978,21
SHP0002,35.9256197154894,139.580022096634,22
SHP0002,35.9259107503725,139.579997956753,23
SHP0002,35.9259675323824,139.579994166298,24
SHP0002,35.9261678781547,139.579980792313,25
SHP0002,35.9263125522633,139.579971134663,26
SHP0002,35.9270879213174,139.579906761646,27
SHP0002,35.9270379675688,139.578906297684,28
SHP0002,35.9270162485477,139.578737318516,29
SHP0002,35.9269901857223,139.578597843647,30
SHP0002,35.9269467476801,139.578420817852,31
SHP0002,35.9266926351329,139.577586650848,32
SHP0002,35.9266644004055,139.57747399807,33
SHP0002,35.9266448532865,139.577358663082,34
SHP0002,35.9266405094822,139.577254056931,35
SHP0002,35.9267013227414,139.576607644558,36
SHP0002,35.9266969789372,139.576376974583,37
SHP0002,35.926675259916,139.576253592968,38
SHP0002,35.9266448532865,139.576132893562,39
SHP0002,35.9265905557336,139.575982689857,40
SHP0002,35.9265145391597,139.575816392899,41
SHP0002,35.926423319271,139.575634002686,42
SHP0002,35.9261083934647,139.574998319149,43
SHP0002,35.9257413420077,139.574239253998,44
SHP0002,35.9256262311958,139.574005901814,45
SHP0002,35.9253286806064,139.573397040367,46
SHP0002,35.9252700392493,139.573262929916,47
SHP0002,35.9252331169134,139.573136866093,48
SHP0002,35.9251679598501,139.572788178921,49
SHP0002,35.9251201780036,139.572616517544,50
SHP0002,35.9250941151782,139.572546780109,51
SHP0002,35.9250007233874,139.57235366106,52
SHP0002,35.9249855200726,139.572316110134,53
SHP0002,35.9249616291494,139.572265148163,54
SHP0002,35.9248602624505,139.572031314518,55
SHP0002,35.9248465183374,139.57199960947,56
SHP0002,35.9248247993163,139.571921825409,57
SHP0002,35.9248074240994,139.57183599472,58
SHP0002,35.9248009083931,139.571731388569,59
SHP0002,35.9248052521973,139.571559727192,60
SHP0002,35.9248470467402,139.570901125829,61
SHP0002,35.9248595497501,139.570704102516,62
SHP0002,35.9248704092607,139.570527076721,63
SHP0002,35.924876924967,139.570376873016,64
SHP0002,35.9248812687712,139.5703125,65
SHP0002,35.924896472086,139.570020139217,66
SHP0002,35.9249181911072,139.569660723209,67
SHP0002,35.9249312225198,139.569336175919,68
SHP0002,35.9249355663241,139.569218158722,69
SHP0002,35.9249399101283,139.568032622337,70
SHP0002,35.9249181911072,139.567818045616,71
SHP0002,35.9248790968691,139.567622244358,72
SHP0002,35.924798736491,139.567380845547,73
SHP0002,35.9247531265466,139.567284286022,74
SHP0002,35.924644531441,139.567093849182,75
SHP0002,35.9245424405569,139.566930234432,76
SHP0002,35.9243708409858,139.56666469574,77
SHP0002,35.9242318236117,139.566423296928,78
SHP0002,35.9241319048741,139.566206037998,79
SHP0002,35.9240493633082,139.565953910351,80
SHP0002,35.9240167811112,139.565827846527,81
SHP0002,35.9239255509594,139.56538528204,82
SHP0002,35.9237452628024,139.56445723772,83
SHP0002,35.9236822705548,139.564151465893,84
SHP0002,35.9236344833324,139.563931524754,85
SHP0002,35.9236019011354,139.563824236393,86
SHP0002,35.9234737444936,139.563480913639,87
SHP0002,35.9234389901501,139.563400447369,88
SHP0002,35.9234020636601,139.563303887844,89
SHP0002,35.9233499321449,139.563161730766,90
SHP0002,35.9232587019931,139.562928378582,91
SHP0002,35.923124028912,139.562585055828,92
SHP0002,35.9230545202249,139.562434852123,93
SHP0002,35.9224977338121,139.561526329319,94
SHP0002,35.9222974483435,139.561199518335,95
SHP0002,35.9225637047905,139.560967683792,96
SHP0002,35.9226217890604,139.561079646051,97
SHP0002,35.9227418152685,139.561311006546,98
SHP0002,35.9224977338121,139.561526329319,99
SHP0002,35.9230545202249,139.562434852123,100
SHP0002,35.9227465972692,139.562843809857,101
SHP0002,35.9226938230763,139.562913900164,102
SHP0002,35.9225657872692,139.563083946705,103
SHP0002,35.9225505822439,139.563102722168,104
SHP0002,35.9223007853998,139.563413858414,105
SHP0002,35.9222725474957,139.563448727131,106
SHP0002,35.922107464364,139.563676714897,107
SHP0002,35.9218967661564,139.563971757889,108
SHP0002,35.9216882400953,139.564272165298,109
SHP0002,35.9216252478476,139.564344584942,110
SHP0002,35.9215600834535,139.56440359354,111
SHP0002,35.9214601647159,139.564470648766,112
SHP0002,35.921308114463,139.564551115036,113
SHP0002,35.9211886464072,139.564607441425,114
SHP0002,35.9208345865325,139.564800560474,115
SHP0002,35.9207455285273,139.564854204655,116
SHP0002,35.9203501978697,139.565095603466,117
SHP0002,35.9203154435262,139.565114378929,118
SHP0002,35.9200330644851,139.565296769142,119
SHP0002,35.9197658904693,139.565481841564,120
SHP0002,35.9195117493323,139.565680325031,121
SHP0002,35.919191642665,139.565951311834,122
SHP0002,35.9190903529171,139.56603705883,123
SHP0002,35.9190686314524,139.566055834293,124
SHP0002,35.9187917923574,139.566300186549,125
SHP0002,35.9184669468802,139.566586911678,126
SHP0002,35.9183539952638,139.56666469574,127
SHP0002,35.9181454692026,139.566806852818,128
SHP0002,35.9180325175862,139.566860496998,129
SHP0002,35.917934770995,139.566879272461,130
SHP0002,35.9178239915251,139.566876590252,131
SHP0002,35.9177523106916,139.566865861416,132
SHP0002,35.9176871462975,139.566844403744,133
SHP0002,35.9176306704892,139.566822946072,134
SHP0002,35.9175807111204,139.566782712936,135
SHP0002,35.9174873088222,139.56666469574,136
SHP0002,35.9174004229634,139.566487669945,137
SHP0002,35.9173048485187,139.566235542297,138
SHP0002,35.9172722663217,139.566163122654,139
SHP0002,35.917209274074,139.566053152084,140
SHP0002,35.9171462818264,139.565964639187,141
SHP0002,35.9169659936694,139.565744698048,142
SHP0002,35.9167531233153,139.565505981445,143
SHP0002,35.916668409603,139.565406739712,144
SHP0002,35.9165684908654,139.565291404724,145
SHP0002,35.916668409603,139.565173387527,146
SHP0002,35.9167227132648,139.565127789974,147
SHP0002,35.9167466068759,139.565125107765,148
SHP0002,35.9167878776589,139.565135836601,149
SHP0002,35.91684869776,139.565122425556,150
SHP0002,35.9168617306388,139.565127789974,151
SHP0002,35.9168769356641,139.565146565437,152
SHP0002,35.9169182064471,139.565240442753,153
SHP0002,35.91692255074,139.56527531147,154
SHP0002,35.9169138621541,139.565307497978,155
SHP0002,35.9168899685429,139.565345048904,156
SHP0002,35.9168706245831,139.565367797762,157
SHP0002,35.9167531233153,139.565505981445,158
SHP0002,35.916668409603,139.565406739712,159
SHP0002,35.9165684908654,139.565291404724,160
SHP0002,35.9162100866978,139.56494808197,161
SHP0002,35.9161101679602,139.564875662327,162
SHP0002,35.9160732414702,139.564862251282,163
SHP0002,35.9159906999043,139.564856886864,164
SHP0002,35.9158516825303,139.564878344536,165
SHP0002,35.9157474194997,139.564915895462,166
SHP0002,35.9156692134308,139.564956128597,167
SHP0002,35.9152303904886,139.565224349499,168
SHP0002,35.9145504321673,139.56565618515,169
SHP0002,35.9145198436761,139.56595832131,170
SHP0002,35.9145048119605,139.566106796265,171
SHP0002,35.9144633006775,139.566487534176,172
SHP0002,35.914443985018,139.56666469574,173
SHP0002,35.9144352954548,139.566734433174,174
SHP0002,35.9143245035238,139.567667841911,175
SHP0002,35.9142875728802,139.568008482456,176
SHP0002,35.9142701937538,139.568150639534,177
SHP0002,35.9142048174133,139.56883290648,178
SHP0002,35.91417895334,139.569102823734,179
SHP0002,35.9141724361676,139.569164514542,180
SHP0002,35.9141637466044,139.569290578365,181
SHP0002,35.9141496540125,139.569502856552,182
SHP0002,35.9141311607424,139.569781422615,183
SHP0002,35.9141029196619,139.5703125,184
SHP0002,35.9140942300987,139.570468068123,185
SHP0002,35.9140746785815,139.570773839951,186
SHP0002,35.9140486098919,139.571280777454,187
SHP0002,35.9140312307654,139.571583867073,188
SHP0002,35.9140189576242,139.571799382247,189
SHP0002,35.9140103813533,139.571949980736,190
SHP0002,35.913992127731,139.572270512581,191
SHP0002,35.9139660590414,139.572731852531,192
SHP0002,35.9139443351333,139.572941064835,193
SHP0002,35.9138835081908,139.573163688183,194
SHP0002,35.9138357155932,139.573295116425,195
SHP0002,35.9137944401679,139.57338899374,196
SHP0002,35.9136228212945,139.573686718941,197
SHP0002,35.9134229613406,139.574024677277,198
SHP0002,35.9132904455017,139.57426071167,199
SHP0002,35.9130753788122,139.574646949768,200
SHP0002,35.9128950703755,139.57496881485,201
SHP0002,35.9128755188583,139.574998319149,202
SHP0002,35.9127951403986,139.575140476227,203
SHP0002,35.912658279778,139.575389921665,204
SHP0002,35.9125822460999,139.575542807579,205
SHP0002,35.912493178077,139.575752019882,206
SHP0002,35.9124779713414,139.575808346272,207
SHP0002,35.9124258339621,139.57603096962,208
SHP0002,35.9124062824449,139.576197266579,209
SHP0002,35.9124019376633,139.576494991779,210
SHP0002,35.9124119346468,139.57664996604,211
SHP0002,35.9124176125712,139.576737985804,212
SHP0002,35.9124214891805,139.576798081398,213
SHP0002,35.9124258339621,139.576865136623,214
SHP0002,35.912493178077,139.577506184578,215
SHP0002,35.9123020076864,139.577648341656,216
SHP0002,35.9121760090198,139.577774405479,217
SHP0002,35.9120978029509,139.577841460705,218
SHP0002,35.9120456655716,139.577873647213,219
SHP0002,35.9119826662384,139.577895104885,220
SHP0002,35.911854495181,139.57790851593,221
SHP0002,35.9117350136868,139.577884376049,222
SHP0002,35.9116828763076,139.577870965004,223
SHP0002,35.9114799998051,139.577815083207,224
SHP0002,35.9113482835076,139.577778802301,225
SHP0002,35.9105727846073,139.577565193176,226
SHP0002,35.9100448936422,139.57741767168,227
SHP0002,35.90990368824,139.577350616455,228
SHP0002,35.9098059306539,139.577267467976,229
SHP0002,35.9097038282862,139.577154815197,230
SHP0002,35.9095669676656,139.576985836029,231
SHP0002,35.9094116428113,139.576785242113,232
SHP0002,35.9093779696657,139.576741755009,233
SHP0002,35.9092902695165,139.576627150309,234
SHP0002,35.9090803521257,139.576352834702,235
SHP0002,35.9088761473903,139.576081931591,236
SHP0002,35.908680632218,139.57635819912,237
SHP0002,35.9086132881031,139.576446712017,238
SHP0002,35.9083352220804,139.576835632324,239
SHP0002,35.9081440516897,139.577122628689,240
SHP0002,35.9079832947703,139.577420353889,241
SHP0002,35.9078551237129,139.577688574791,242
SHP0002,35.9077269526556,139.577997028828,243
SHP0002,35.907579230081,139.578466415405,244
SHP0002,35.9075336098741,139.578680992126,245
SHP0002,35.9075184031385,139.578737318516,246
SHP0002,35.9074771277132,139.578895568848,247
SHP0002,35.9072273027709,139.578847289085,248
SHP0002,35.9071230280124,139.578839242458,249
SHP0002,35.9069318576217,139.578841924667,250
SHP0002,35.9068493067712,139.578855335712,251
SHP0002,35.9067580560965,139.578876793385,252
SHP0002,35.9066016263686,139.578927755356,253
SHP0002,35.9064864767077,139.578984081745,254
SHP0002,35.9063908807628,139.579045772552,255
SHP0002,35.9062887669126,139.579126238823,256
SHP0002,35.9061996831258,139.579213197906,257
SHP0002,35.9061953436029,139.579217433929,258
SHP0002,35.9060128422536,139.579423964024,259
SHP0002,35.9058781388767,139.579579532146,260
SHP0002,35.9057651618509,139.579676091671,261
SHP0002,35.9057227520335,139.579698530255,262
SHP0002,35.9056130773932,139.579756557941,263
SHP0002,35.9055370351643,139.579780697823,264
SHP0002,35.9053393253692,139.579810202122,265
SHP0002,35.905256765235,139.579804837704,266
SHP0002,35.9050894723315,139.579769968987,267
SHP0002,35.9048917625364,139.579665362835,268
SHP0002,35.9048331013884,139.579617083073,269
SHP0002,35.9047570591595,139.579550027847,270
SHP0002,35.9044311638929,139.579236209393,271
SHP0002,35.9041878287605,139.57899749279,272
SHP0002,35.9041747929498,139.578984081745,273
SHP0002,35.9040248811272,139.578831195831,274
SHP0002,35.9038315166023,139.578638076782,275
SHP0002,35.903727230117,139.578533470631,276
SHP0002,35.9036142530913,139.578402042389,277
SHP0002,35.9034058640849,139.578164378574,278
SHP0002,35.9033861264046,139.578141868114,279
SHP0002,35.9032318693118,139.577951431274,280
SHP0002,35.9029668078283,139.577629566193,281
SHP0002,35.9028516581674,139.577490091324,282
SHP0002,35.9025148997252,139.577082395554,283
SHP0002,35.9023476068217,139.57731038332,284
SHP0002,35.9022215939853,139.577498137951,285
SHP0002,35.9020629916222,139.577790498734,286
SHP0002,35.9019760862178,139.578023850918,287
SHP0002,35.9019730039561,139.578030298586,288
SHP0002,35.9018978713538,139.578187465668,289
SHP0002,35.9018109659493,139.578324258327,290
SHP0002,35.9016002203436,139.578568339348,291
SHP0002,35.9015763213574,139.578595161438,292
SHP0002,35.901391647373,139.578796327114,293
SHP0002,35.9012612892663,139.578949213028,294
SHP0002,35.9011678659565,139.579077959061,295
SHP0002,35.9010331625797,139.579268395901,296
SHP0002,35.9009592929859,139.579423964024,297
SHP0002,35.9008593517708,139.57975924015,298
SHP0002,35.9008137264335,139.5799523592,299
SHP0002,35.9006811956917,139.580499529839,300
SHP0002,35.9006616419757,139.580590724945,301
SHP0002,35.9005986355575,139.580832123756,302
SHP0002,35.9005317146776,139.581056106615,303
SHP0002,35.9005008669775,139.581159353256,304
SHP0002,35.9004747953562,139.581242501736,305
SHP0002,35.9004595869104,139.581298828125,306
SHP0002,35.9004030983976,139.58147585392,307
SHP0002,35.9003705088709,139.581564366817,308
SHP0002,35.9002249423185,139.581942558289,309
SHP0002,35.9001880075216,139.582044482231,310
SHP0002,35.9000641673203,139.582355618477,311
SHP0002,35.9000011609021,139.582521915436,312
SHP0002,35.8999511902945,139.582664072514,313
SHP0002,35.8997599984048,139.58321928978,314
SHP0002,35.8997382720537,139.583331942558,315
SHP0002,35.8997317541483,139.583356082439,316
SHP0002,35.8997165457026,139.583592116833,317
SHP0002,35.8997143730674,139.583983719349,318
SHP0002,35.8997178338261,139.584821119843,319
SHP0002,35.8997187183377,139.585035145283,320
SHP0002,35.8997208909728,139.585383832455,321
SHP0002,35.8996318129332,139.586065113544,322
SHP0002,35.8995405622586,139.586741030216,323
SHP0002,35.8995176643731,139.586935933384,324
SHP0002,35.8994580021244,139.587443768978,325
SHP0002,35.899431930503,139.587736129761,326
SHP0002,35.8994036862466,139.588044583797,327
SHP0002,35.8993471977337,139.589053094387,328
SHP0002,35.899312435572,139.589664638042,329
SHP0002,35.8991538332089,139.589568078518,330
SHP0002,35.8990691004395,139.589538574219,331
SHP0002,35.898843146388,139.589506387711,332
SHP0002,35.8986823713898,139.589466154575,333
SHP0002,35.8986541271334,139.589450061321,334
SHP0002,35.8986324007823,139.589433968067,335
SHP0002,35.8983847203797,139.589286446571,336
SHP0002,35.8983608213934,139.589275717735,337
SHP0002,35.8981522484228,139.589168429375,338
SHP0002,35.8979501933575,139.589085280895,339
SHP0002,35.8978980442521,139.589066505432,340
SHP0002,35.8972418954984,139.588832646039,341
SHP0002,35.8969723976303,139.588736593723,342
SHP0002,35.8970180280976,139.587907791138,343
SHP0002,35.897022391008,139.587824964477,344
SHP0002,35.8970810416,139.586711525917,345
SHP0002,35.8970897331176,139.586534500122,346
SHP0002,35.8970940788764,139.586437940598,347
SHP0002,35.8971049432734,139.58623945713,348
SHP0002,35.8971136347909,139.585976600647,349
SHP0002,35.8971532373317,139.585143102902,350
SHP0002,35.8971570923788,139.585061967373,351
SHP0002,35.8971679567758,139.584600627422,352
SHP0002,35.8971679567758,139.584472281183,353
SHP0002,35.8971679567758,139.584305584431,354
SHP0002,35.8971679567758,139.584243893623,355
SHP0002,35.897163611017,139.583989083767,356
SHP0002,35.8971592652582,139.583753049374,357
SHP0002,35.8971484008612,139.583331942558,358
SHP0002,35.8971375364643,139.583034217358,359
SHP0002,35.8971136347909,139.582358300686,360
SHP0002,35.8970897331176,139.582084715366,361
SHP0002,35.8970614856855,139.581947922707,362
SHP0002,35.8970223738564,139.581816494465,363
SHP0002,35.8969550145952,139.581671655178,364
SHP0002,35.8968746180576,139.581537544727,365
SHP0002,35.8967790113643,139.581419527531,366
SHP0002,35.8966768860328,139.581298828125,367
SHP0002,35.8963074965359,139.580869674683,368
SHP0002,35.8960663069232,139.58060413599,369
SHP0002,35.8959685273504,139.580475389957,370
SHP0002,35.8959098596068,139.580368101597,371
SHP0002,35.8958077342753,139.580161571503,372
SHP0002,35.8957686224462,139.580054283142,373
SHP0002,35.8957251648583,139.579877257347,374
SHP0002,35.8957425478935,139.579676091671,375
SHP0002,35.8957599178878,139.579483117501,376
SHP0002,35.8957664495668,139.579410552979,377
SHP0002,35.8957721219253,139.579349869179,378
SHP0002,35.8958055613959,139.578992128372,379
SHP0002,35.8958316359486,139.578723907471,380
SHP0002,35.8959207240038,139.577822685242,381
SHP0002,35.895927242642,139.577712714672,382
SHP0002,35.8959272663767,139.577711733184,383
SHP0002,35.8959294009106,139.577623464862,384
SHP0002,35.8959359341595,139.577353298664,385
SHP0002,35.8957664495668,139.577318429947,386
SHP0002,35.8956860530293,139.577288925648,387
SHP0002,35.8954839752457,139.577205777168,388
SHP0002,35.8946973929051,139.576811492443,389
SHP0002,35.8945626743827,139.576763212681,390
SHP0002,35.8944257829809,139.5767390728,391
SHP0002,35.8943041017349,139.576733708382,392
SHP0002,35.8941215798658,139.576808810234,393
SHP0002,35.892941706355,139.577380120754,394
SHP0002,35.8929677809077,139.577455222607,395
SHP0002,35.8930225003342,139.577625555565,396
SHP0002,35.8930677333599,139.577766358852,397
SHP0002,35.8931481298974,139.578013122082,398
SHP0002,35.8931720315707,139.578090906143,399
SHP0002,35.8932611196259,139.578361809254,400
SHP0002,35.893013411375,139.57850933075,401
SHP0002,35.8923963136272,139.578815102577,402
SHP0002,35.8922529035872,139.578879475594,403
SHP0002,35.8920225783715,139.578994810581,404
SHP0002,35.8918591397576,139.579076500412,405
SHP0002,35.8916683990303,139.579171836376,406
SHP0002,35.8916640532715,139.579171836376,407
SHP0002,35.8915076059552,139.579249620438,408
SHP0002,35.8909513488304,139.579536616802,409
SHP0002,35.8905863050922,139.579716324806,410
SHP0002,35.8904733153638,139.579823613167,411
SHP0002,35.890110444505,139.580287635326,412
SHP0002,35.8897577073493,139.580729966583,413
SHP0002,35.889425987496,139.581145942211,414
SHP0002,35.8892977876118,139.581298828125,415
SHP0002,35.8892391198682,139.581368565559,416
SHP0002,35.889365146873,139.581532180309,417
SHP0002,35.8898714277717,139.582146406174,418
SHP0002,35.8899757259826,139.582269787788,419
SHP0002,35.8901669393693,139.582500457764,420
SHP0002,35.8904624509668,139.582859873772,421
SHP0002,35.8906536643535,139.583077132702,422
SHP0002,35.8907384066498,139.583176374435,423
SHP0002,35.890877470931,139.583331942558,424
SHP0002,35.8909969792977,139.583466053009,425
SHP0002,35.8912403417898,139.58389788866,426
SHP0002,35.8910597099048,139.584031848456,427
SHP0002,35.8907230388338,139.584281529669,428
SHP0002,35.8906906033031,139.584305584431,429
SHP0002,35.8905363288662,139.584431648254,430
SHP0002,35.8902408172686,139.584721326828,431
SHP0002,35.8901060987462,139.584876894951,432
SHP0002,35.8899235768772,139.585094153881,433
SHP0002,35.8897106346966,139.585386514664,434
SHP0002,35.8895346314657,139.585665464401,435
SHP0002,35.8891456860542,139.586365520954,436
SHP0002,35.8894542349281,139.586614966393,437
SHP0002,35.8895650517772,139.586708843708,438
SHP0002,35.8898428791869,139.586934211515,439
SHP0002,35.8899453056711,139.587017297745,440
SHP0002,35.8902755833389,139.5873016119,441
SHP0002,35.8903777086704,139.58741158247,442
SHP0002,35.8904754882432,139.587529599667,443
SHP0002,35.8907079863383,139.587870240211,444
SHP0002,35.8908709522928,139.588087499142,445
SHP0002,35.8910795487146,139.588361084461,446
SHP0002,35.8912837993776,139.588621258736,447
SHP0002,35.8915467177843,139.588878750801,448
SHP0002,35.8916683990303,139.588969945908,449
SHP0002,35.891909588643,139.58915501833,450
SHP0002,35.8920182326127,139.5892354846,451
SHP0002,35.8924332525769,139.589560031891,452
SHP0002,35.892461500009,139.589584171772,453
SHP0002,35.8927896047975,139.589847028255,454
SHP0002,35.8931210449783,139.590095865259,455
SHP0002,35.893371936475,139.590284228325,456
SHP0002,35.8934523330125,139.59035128355,457
SHP0002,35.8943041017349,139.590992331505,458
SHP0002,35.8945909218148,139.59119617939,459
SHP0002,35.8947278132166,139.591268599033,460
SHP0002,35.8944409931367,139.591665565968,461
SHP0002,35.8942410882325,139.591923058033,462
SHP0002,35.8940433562076,139.592183232307,463
SHP0002,35.8939694783082,139.59228515625,464
SHP0002,35.8938347597858,139.592478275299,465
SHP0002,35.8937085154763,139.592650474482,466
SHP0002,35.8935971717479,139.592802349042,467
SHP0002,35.8934001839071,139.593071043491,468
SHP0002,35.8933588991986,139.593127369881,469
SHP0002,35.8931242282241,139.593459963799,470
SHP0002,35.8930807706362,139.593502879143,471
SHP0002,35.8929851639429,139.593545794487,472
SHP0002,35.8928982487671,139.593548476696,473
SHP0002,35.8928395810235,139.593535065651,474
SHP0002,35.8927613573653,139.593481421471,475
SHP0002,35.8925527609435,139.593191742897,476
SHP0002,35.8924310796975,139.593089818954,477
SHP0002,35.8921877172054,139.592942297459,478
SHP0002,35.8921160121854,139.592915475368,479
SHP0002,35.8920682088388,139.592918157578,480
SHP0002,35.8920225783715,139.592931568623,481
SHP0002,35.8919834665424,139.592955708504,482
SHP0002,35.891777043,139.593146145344,483
SHP0002,35.8917335854121,139.593154191971,484
SHP0002,35.8916683990303,139.593143463135,485
SHP0002,35.8916662261509,139.593143463135,486
SHP0002,35.891583656734,139.593138098717,487
SHP0002,35.8915445449049,139.59315687418,488
SHP0002,35.8915206432315,139.593186378479,489
SHP0002,35.8913337756037,139.593505561352,490
SHP0002,35.8912990095334,139.59356456995,491
SHP0002,35.8911154804878,139.593923272247,492
SHP0002,35.8909861149007,139.594176113605,493
SHP0002,35.8907166778559,139.594717919827,494
SHP0002,35.8906254169213,139.594956636429,495
SHP0002,35.8905776135747,139.595074653625,496
SHP0002,35.8904646238462,139.595248997211,497
SHP0002,35.8902799290977,139.595463573933,498
SHP0002,35.8900974072287,139.595704972744,499
SHP0002,35.8898105871487,139.596013426781,500
SHP0002,35.8897888583548,139.596034884453,501
SHP0002,35.8897084618172,139.596077799797,502
SHP0002,35.8896073374538,139.596125910676,503
SHP0002,35.8894998653954,139.596177041531,504
SHP0002,35.8892043537979,139.596303105354,505
SHP0002,35.8890500793609,139.596354067326,506
SHP0002,35.8889109994472,139.596402347088,507
SHP0002,35.8887545345443,139.596442580223,508
SHP0002,35.8886198008779,139.596464037895,509
SHP0002,35.8885307028081,139.596469402313,510
SHP0002,35.8883459872978,139.596437215805,511
SHP0002,35.8883220829376,139.596431851387,512
SHP0002,35.8879461325458,139.596351385117,513
SHP0002,35.8878679000944,139.596903920174,514
SHP0002,35.8878526882288,139.597013890743,515
SHP0002,35.8878135720031,139.597257971764,516
SHP0002,35.8877853213956,139.597354531288,517
SHP0002,35.8877462051699,139.597421586514,518
SHP0002,35.8876462414819,139.597502052784,519
SHP0002,35.8875810477724,139.597526192665,520
SHP0002,35.887396332262,139.597542285919,521
SHP0002,35.8872681179665,139.597553014755,522
SHP0002,35.8871116530636,139.597563743591,523
SHP0002,35.8869790925208,139.597582519054,524
SHP0002,35.8869138988113,139.597614705563,525
SHP0002,35.88685957072,139.597654938698,526
SHP0002,35.8868226276179,139.597713947296,527
SHP0002,35.886816108247,139.597772955894,528
SHP0002,35.8868269738652,139.597842693329,529
SHP0002,35.8868740779797,139.598055026806,530
SHP0002,35.8869269375532,139.598293304443,531
SHP0002,35.8869443225424,139.598365724087,532
SHP0002,35.8862923854469,139.598556160927,533
SHP0002,35.8861989411299,139.598038494587,534
SHP0002,35.8860446493506,139.597888290882,535
SHP0002,35.8859751093938,139.59784001112,536
SHP0002,35.8854839834485,139.597574472427,537
SHP0002,35.8849537412775,139.597298204899,538
SHP0002,35.8847125245521,139.597164094448,539
SHP0002,35.8844626153322,139.597027301788,540
SHP0002,35.8843256213777,139.596949443237,541
SHP0002,35.8839953937471,139.596761763096,542
SHP0002,35.8839345462848,139.597035348415,543
SHP0002,35.8838128513603,139.597609341145,544
SHP0002,35.8836672520757,139.598298668861,545
SHP0002,35.8836346552209,139.598424732685,546
SHP0002,35.8835998852425,139.598523974419,547
SHP0002,35.8834977484308,139.598733186722,548
SHP0002,35.8833977847429,139.598861932755,549
SHP0002,35.883334764157,139.598920941353,550
SHP0002,35.8832108961088,139.599014818668,551
SHP0002,35.8831217980391,139.599068462849,552
SHP0002,35.8829436018997,139.599135518074,553
SHP0002,35.8828284263461,139.599159657955,554
SHP0002,35.8827197701635,139.599170386791,555
SHP0002,35.8826024214864,139.599170386791,556
SHP0002,35.8824872459328,139.599151611328,557
SHP0002,35.881880944434,139.599017500877,558
SHP0002,35.8819330994016,139.5988753438,559
SHP0002,35.8819483112672,139.598706364632,560
SHP0002,35.882174316127,139.598706364632,561
