shape_id,shape_pt_lat,shape_pt_lon,shape_pt_sequence
SHP0001,35.9556416471068,139.60652108681,1
SHP0001,35.9558263522942,139.607101678848,2
SHP0001,35.9561541987966,139.606970250607,3
SHP0001,35.9563344058145,139.606895148754,4
SHP0001,35.9568511440103,139.606685936451,5
SHP0001,35.9573613686995,139.606479406357,6
SHP0001,35.9578411970242,139.606275558472,7
SHP0001,35.9582537191133,139.606114625931,8
SHP0001,35.9583340523623,139.606082439423,9
SHP0001,35.9584035297668,139.606052935123,10
SHP0001,35.9591482406961,139.605744481087,11
SHP0001,35.9594891142118,139.605610370636,12
SHP0001,35.9597800508431,139.605492353439,13
SHP0001,35.9602229692967,139.60676908493,14
SHP0001,35.9602880970297,139.606994390488,15
SHP0001,35.9603966432514,139.607603251934,16
SHP0001,35.9605312405662,139.608305990696,17
SHP0001,35.9605399242639,139.608332812786,18
SHP0001,35.9606832052765,139.608831703663,19
SHP0001,35.9607129620823,139.608914765263,20
SHP0001,35.9607418202362,139.608995318413,21
SHP0001,35.9609719382261,139.609660506248,22
SHP0001,35.9612411328558,139.61019963026,23
SHP0001,35.9615103274855,139.610760211945,24
SHP0001,35.961853333546,139.611468315125,25
SHP0001,35.9619966145586,139.611763358116,26
SHP0001,35.9621502362901,139.612081276307,27
SHP0001,35.9621882235214,139.612159890392,28
SHP0001,35.9625176364225,139.61284160614,29
SHP0001,35.9628454460119,139.613514840603,30
SHP0001,35.9631705176534,139.614185031734,31
SHP0001,35.9632058194678,139.6142578125,32
SHP0001,35.9632644344275,139.614381194115,33
SHP0001,35.9633980349943,139.614583064714,34
SHP0001,35.9635857312436,139.614866673946,35
SHP0001,35.9636703972965,139.614998102188,36
SHP0001,35.9640828729388,139.615604281425,37
SHP0001,35.9643911442083,139.616070985794,38
SHP0001,35.9640785310899,139.616585969925,39
SHP0001,35.964028599828,139.616666436195,40
SHP0001,35.9637507215005,139.61711704731,41
SHP0001,35.9631254952638,139.618144333363,42
SHP0001,35.9627347288658,139.618385732174,43
SHP0001,35.9622614673394,139.61866736412,44
SHP0001,35.9618120859818,139.618932902813,45
SHP0001,35.9614256614327,139.619163572788,46
SHP0001,35.9612454747047,139.619270861149,47
SHP0001,35.9608199735158,139.617910981178,48
SHP0001,35.9606154260628,139.617259521616,49
SHP0001,35.9604292071178,139.616666436195,50
SHP0001,35.9603901304781,139.616540372372,51
SHP0001,35.9602229692967,139.615950286388,52
SHP0001,35.9600362487721,139.615311920643,53
SHP0001,35.9599874695639,139.615203573225,54
SHP0001,35.9599623563492,139.615147792247,55
SHP0001,35.959821303052,139.614834487438,56
SHP0001,35.9597279427897,139.614622592926,57
SHP0001,35.9595716186297,139.6142578125,58
SHP0001,35.9592394297895,139.613490700722,59
SHP0001,35.9590527092649,139.612846970558,60
SHP0001,35.9589217356839,139.612585054278,61
SHP0001,35.9588940754145,139.612529740261,62
SHP0001,35.9587053222425,139.612152278423,63
SHP0001,35.9586011061358,139.611817002296,64
SHP0001,35.9585012323668,139.611538052559,65
SHP0001,35.9583340523623,139.611049890518,66
SHP0001,35.9583123406734,139.610980153084,67
SHP0001,35.9582906289845,139.61090773344,68
SHP0001,35.9581581876822,139.610494673252,69
SHP0001,35.9580930526155,139.610261321068,70
SHP0001,35.9579975211843,139.609926044941,71
SHP0001,35.957923701442,139.609706103802,72
SHP0001,35.9577652061131,139.609231352806,73
SHP0001,35.9577543502686,139.609121382236,74
SHP0001,35.9575593002885,139.609190341178,75
SHP0001,35.9574376399545,139.609233353579,76
SHP0001,35.957094314926,139.609354734421,77
SHP0001,35.9566470541346,139.609515666962,78
SHP0001,35.9559327395698,139.609652459621,79
SHP0001,35.9556827884831,139.609700746748,80
SHP0001,35.9555510255514,139.609726201542,81
SHP0001,35.9554051455295,139.609754383564,82
SHP0001,35.9550295333115,139.609987735748,83
SHP0001,35.9545475338179,139.610298871994,84
SHP0001,35.9540785613376,139.610599279404,85
SHP0001,35.9535705078173,139.610921144485,86
SHP0001,35.9534337241772,139.611012339592,87
SHP0001,35.953334683959,139.611074860051,88
SHP0001,35.9532597348458,139.611122172679,89
SHP0001,35.9530385714392,139.61126178503,90
SHP0001,35.9525261755812,139.61158901453,91
SHP0001,35.9520246355675,139.611905515194,92
SHP0001,35.9515491495806,139.612208604813,93
SHP0001,35.9513298615227,139.612348079681,94
SHP0001,35.9512751448021,139.612383546699,95
SHP0001,35.9511105487771,139.612490236759,96
SHP0001,35.9507088373125,139.612745046616,97
SHP0001,35.9503027830212,139.613007903099,98
SHP0001,35.9500009565694,139.61319565773,99
SHP0001,35.9499075857966,139.613251984119,100
SHP0001,35.9495232456385,139.613501429558,101
SHP0001,35.9491085056939,139.61376696825,102
SHP0001,35.9489377316361,139.613876498086,103
SHP0001,35.9488912797284,139.613906291077,104
SHP0001,35.9486568517229,139.614056646824,105
SHP0001,35.9482312547117,139.613042771816,106
SHP0001,35.948037998926,139.61259752512,107
SHP0001,35.947842571727,139.612149596214,108
SHP0001,35.9474169747158,139.611146450043,109
SHP0001,35.9471302744088,139.611271566322,110
SHP0001,35.947054348691,139.611304700375,111
SHP0001,35.9469581777898,139.61134683414,112
SHP0001,35.9466135517865,139.611497819424,113
SHP0001,35.9469153782383,139.612399041653,114
SHP0001,35.9470652057576,139.612838923931,115
SHP0001,35.9472476044767,139.613394141197,116
SHP0001,35.9473543289672,139.613703434629,117
SHP0001,35.9474169747158,139.613884985447,118
SHP0001,35.9474678176694,139.614035496259,119
SHP0001,35.9475429166885,139.6142578125,120
SHP0001,35.9476840585545,139.614676237106,121
SHP0001,35.9471933191436,139.614990055561,122
SHP0001,35.9470434916244,139.615089297295,123
SHP0001,35.946845893012,139.615207314491,124
SHP0001,35.9467503508258,139.615252912045,125
SHP0001,35.9465592664535,139.61529314518,126
SHP0001,35.9464832669872,139.615295827389,127
SHP0001,35.9462074974952,139.615239500999,128
SHP0001,35.9461054410691,139.615193903446,129
SHP0001,35.9459708134431,139.615094661713,130
SHP0001,35.9458889237231,139.615013739175,131
SHP0001,35.9457753862441,139.614901542664,132
SHP0001,35.9455169880587,139.614625275135,133
SHP0001,35.9454344743525,139.614566266537,134
SHP0001,35.9452238472602,139.614434838295,135
SHP0001,35.9449415635283,139.6142578125,136
SHP0001,35.9447917360091,139.614163935184,137
SHP0001,35.9444269385709,139.613941311836,138
SHP0001,35.9438732281737,139.613589942455,139
SHP0001,35.9438037429474,139.613538980484,140
SHP0001,35.9437603146809,139.61346924305,141
SHP0001,35.9437277434811,139.613375365734,142
SHP0001,35.9435996300951,139.612967669964,143
SHP0001,35.9433651174563,139.612224698067,144
SHP0001,35.9430415768712,139.611248373985,145
SHP0001,35.9427484360727,139.610349833965,146
SHP0001,35.9424596381008,139.610537588596,147
SHP0001,35.9424357525543,139.610550999641,148
SHP0001,35.9423032814328,139.610631465912,149
SHP0001,35.9420057643238,139.610792398453,150
SHP0001,35.941666985718,139.609907269478,151
SHP0001,35.9415366862542,139.609561264515,152
SHP0001,35.9409894285063,139.609837532043,153
SHP0001,35.940485603913,139.610162079334,154
SHP0001,35.9403466178182,139.610234498978,155
SHP0001,35.9400838472329,139.610296189785,156
SHP0001,35.9399557194269,139.609907269478,157
SHP0001,35.9402011167504,139.609856307507,158
SHP0001,35.9402393961036,139.609860418701,159
SHP0001,35.9402510648781,139.609861671925,160
SHP0001,35.9402836397441,139.609885811806,161
SHP0001,35.9403053563214,139.609950184822,162
SHP0001,35.9403466178182,139.610234498978,163
SHP0001,35.9405029771748,139.610803127289,164
SHP0001,35.9406810531086,139.611428081989,165
SHP0001,35.9408721589889,139.611857235432,166
SHP0001,35.9410502349227,139.612235426903,167
SHP0001,35.9414563349182,139.613066911697,168
SHP0001,35.941666985718,139.613504111767,169
SHP0001,35.9417647103158,139.61371332407,170
SHP0001,35.9419860119292,139.614171884407,171
SHP0001,35.9420274809011,139.6142578125,172
SHP0001,35.9421881835731,139.614593088627,173
SHP0001,35.9423640878492,139.614963233471,174
SHP0001,35.9424357525543,139.6152099967,175
SHP0001,35.9425117520206,139.615475535393,176
SHP0001,35.9427440932461,139.616293609142,177
SHP0001,35.9424357525543,139.616451859474,178
SHP0001,35.9423011097751,139.616524279118,179
SHP0001,35.9420643990825,139.616666436195,180
SHP0001,35.9418971814373,139.616760313511,181
SHP0001,35.941666985718,139.616889059544,182
SHP0001,35.9413955285017,139.617044627666,183
SHP0001,35.9413518247411,139.617070545095,184
SHP0001,35.9407939793106,139.617401361465,185
SHP0001,35.9405464103294,139.617543518543,186
SHP0001,35.9401728910818,139.617758302941,187
SHP0001,35.9398840547218,139.617924392223,188
SHP0001,35.9392651322688,139.618289172649,189
SHP0001,35.9388568606156,139.618527889252,190
SHP0001,35.9386592397622,139.618643224239,191
SHP0001,35.9380815788061,139.618975818157,192
SHP0001,35.9375582092932,139.619289636612,193
SHP0001,35.937230288976,139.619396924973,194
SHP0001,35.9368307039537,139.619528353214,195
SHP0001,35.9366873608777,139.619596046001,196
SHP0001,35.9366451778067,139.619615966668,197
SHP0001,35.9364615221397,139.6197026968,198
SHP0001,35.9360445638555,139.619909226894,199
SHP0001,35.9354886194767,139.620155990124,200
SHP0001,35.9350825194812,139.620359838009,201
SHP0001,35.9350086831184,139.620182812214,202
SHP0001,35.9348219205537,139.619683921337,203
SHP0001,35.9346981360631,139.619748294353,204
SHP0001,35.9344809702901,139.619850218296,205
SHP0001,35.9336492253796,139.620239138603,206
SHP0001,35.9335406424931,139.620290100574,207
SHP0001,35.9334885168424,139.620316922665,208
SHP0001,35.9333343117924,139.619772434235,209
SHP0001,35.9332083414699,139.619303047657,210
SHP0001,35.9330063545735,139.618635177612,211
SHP0001,35.9327348668094,139.618812203407,212
SHP0001,35.9326762254524,139.618844389915,213
SHP0001,35.9326023807806,139.618868529797,214
SHP0001,35.9320029357976,139.619048237801,215
SHP0001,35.9323178616039,139.620059430599,216
SHP0001,35.9325480832278,139.620780944824,217
SHP0001,35.9325871774658,139.620762169361,218
SHP0001,35.9327326982483,139.620689634947,219
SHP0001,35.9326328332721,139.620341062546,220
SHP0001,35.9328809044041,139.620228373991,221
SHP0002,35.9328809044041,139.620228373991,1
SHP0002,35.9330107264153,139.620169401169,2
SHP0002,35.9330671930517,139.62030351162,3
SHP0002,35.932910823806,139.620394706726,4
SHP0002,35.9329477132164,139.620582461357,5
SHP0002,35.9333343117924,139.620392024517,6
SHP0002,35.9334885168424,139.620316922665,7
SHP0002,35.9335406424931,139.620290100574,8
SHP0002,35.9336492253796,139.620239138603,9
SHP0002,35.9344809702901,139.619850218296,10
SHP0002,35.9346981360631,139.619748294353,11
SHP0002,35.9348219205537,139.619683921337,12
SHP0002,35.9350086831184,139.620182812214,13
SHP0002,35.9350825194812,139.620359838009,14
SHP0002,35.9354886194767,139.620155990124,15
SHP0002,35.9360445638555,139.619909226894,16
SHP0002,35.9364615221397,139.6197026968,17
SHP0002,35.9366451778067,139.619615966668,18
SHP0002,35.9366873608777,139.619596046001,19
SHP0002,35.9368307039537,139.619528353214,20
SHP0002,35.937230288976,139.619396924973,21
SHP0002,35.9375582092932,139.619289636612,22
SHP0002,35.9380815788061,139.618975818157,23
SHP0002,35.9386592397622,139.618643224239,24
SHP0002,35.9388568606156,139.618527889252,25
SHP0002,35.9392651322688,139.618289172649,26
SHP0002,35.9398840547218,139.617924392223,27
SHP0002,35.9401728910818,139.617758302941,28
SHP0002,35.9405464103294,139.617543518543,29
SHP0002,35.9407939793106,139.617401361465,30
SHP0002,35.9413518247411,139.617070545095,31
SHP0002,35.9413955285017,139.617044627666,32
SHP0002,35.941666985718,139.616889059544,33
SHP0002,35.9418971814373,139.616760313511,34
SHP0002,35.9420643990825,139.616666436195,35
SHP0002,35.9423011097751,139.616524279118,36
SHP0002,35.9424357525543,139.616451859474,37
SHP0002,35.9427440932461,139.616293609142,38
SHP0002,35.9425117520206,139.615475535393,39
SHP0002,35.9424357525543,139.6152099967,40
SHP0002,35.9423640878492,139.614963233471,41
SHP0002,35.9421881835731,139.614593088627,42
SHP0002,35.9420274809011,139.6142578125,43
SHP0002,35.9419860119292,139.614171884407,44
SHP0002,35.9417647103158,139.61371332407,45
SHP0002,35.941666985718,139.613504111767,46
SHP0002,35.9414563349182,139.613066911697,47
SHP0002,35.9410502349227,139.612235426903,48
SHP0002,35.9408721589889,139.611857235432,49
SHP0002,35.9406810531086,139.611428081989,50
SHP0002,35.9405029771748,139.610803127289,51
SHP0002,35.9403466178182,139.610234498978,52
SHP0002,35.9400838472329,139.610296189785,53
SHP0002,35.9399557194269,139.609907269478,54
SHP0002,35.9402011167504,139.609856307507,55
SHP0002,35.9402393961036,139.609860418701,56
SHP0002,35.9402510648781,139.609861671925,57
SHP0002,35.9402836397441,139.609885811806,58
SHP0002,35.9403053563214,139.609950184822,59
SHP0002,35.9403466178182,139.610234498978,60
SHP0002,35.940485603913,139.610162079334,61
SHP0002,35.9409894285063,139.609837532043,62
SHP0002,35.9415366862542,139.609561264515,63
SHP0002,35.941666985718,139.609907269478,64
SHP0002,35.9420057643238,139.610792398453,65
SHP0002,35.9423032814328,139.610631465912,66
SHP0002,35.9424357525543,139.610550999641,67
SHP0002,35.9424596381008,139.610537588596,68
SHP0002,35.9427484360727,139.610349833965,69
SHP0002,35.9430415768712,139.611248373985,70
SHP0002,35.9433651174563,139.612224698067,71
SHP0002,35.9435996300951,139.612967669964,72
SHP0002,35.9437277434811,139.613375365734,73
SHP0002,35.9437603146809,139.61346924305,74
SHP0002,35.9438037429474,139.613538980484,75
SHP0002,35.9438732281737,139.613589942455,76
SHP0002,35.9444269385709,139.613941311836,77
SHP0002,35.9447917360091,139.614163935184,78
SHP0002,35.9449415635283,139.6142578125,79
SHP0002,35.9452238472602,139.614434838295,80
SHP0002,35.9454344743525,139.614566266537,81
SHP0002,35.9455169880587,139.614625275135,82
SHP0002,35.9457753862441,139.614901542664,83
SHP0002,35.9458889237231,139.615013739175,84
SHP0002,35.9459708134431,139.615094661713,85
SHP0002,35.9461054410691,139.615193903446,86
SHP0002,35.9462074974952,139.615239500999,87
SHP0002,35.9464832669872,139.615295827389,88
SHP0002,35.9465592664535,139.61529314518,89
SHP0002,35.9467503508258,139.615252912045,90
SHP0002,35.946845893012,139.615207314491,91
SHP0002,35.9470434916244,139.615089297295,92
SHP0002,35.9471933191436,139.614990055561,93
SHP0002,35.9476840585545,139.614676237106,94
SHP0002,35.9475429166885,139.6142578125,95
SHP0002,35.9474678176694,139.614035496259,96
SHP0002,35.9474169747158,139.613884985447,97
SHP0002,35.9473543289672,139.613703434629,98
SHP0002,35.9472476044767,139.613394141197,99
SHP0002,35.9470652057576,139.612838923931,100
SHP0002,35.9469153782383,139.612399041653,101
SHP0002,35.9466135517865,139.611497819424,102
SHP0002,35.9469581777898,139.61134683414,103
SHP0002,35.947054348691,139.611304700375,104
SHP0002,35.9471302744088,139.611271566322,105
SHP0002,35.9474169747158,139.611146450043,106
SHP0002,35.947842571727,139.612149596214,107
SHP0002,35.948037998926,139.61259752512,108
SHP0002,35.9482312547117,139.613042771816,109
SHP0002,35.9486568517229,139.614056646824,110
SHP0002,35.9488912797284,139.613906291077,111
SHP0002,35.9489377316361,139.613876498086,112
SHP0002,35.9491085056939,139.61376696825,113
SHP0002,35.9495232456385,139.613501429558,114
SHP0002,35.9499075857966,139.613251984119,115
SHP0002,35.9500009565694,139.61319565773,116
SHP0002,35.9503027830212,139.613007903099,117
SHP0002,35.9507088373125,139.612745046616,118
SHP0002,35.9511105487771,139.612490236759,119
SHP0002,35.9512751448021,139.612383546699,120
SHP0002,35.9513298615227,139.612348079681,121
SHP0002,35.9515491495806,139.612208604813,122
SHP0002,35.9520246355675,139.611905515194,123
SHP0002,35.9525261755812,139.61158901453,124
SHP0002,35.9530385714392,139.61126178503,125
SHP0002,35.9532597348458,139.611122172679,126
SHP0002,35.953334683959,139.611074860051,127
SHP0002,35.9534337241772,139.611012339592,128
SHP0002,35.9535705078173,139.610921144485,129
SHP0002,35.9540785613376,139.610599279404,130
SHP0002,35.9545475338179,139.610298871994,131
SHP0002,35.9550295333115,139.609987735748,132
SHP0002,35.9554051455295,139.609754383564,133
SHP0002,35.9555510255514,139.609726201542,134
SHP0002,35.9556827884831,139.609700746748,135
SHP0002,35.9559327395698,139.609652459621,136
SHP0002,35.9566470541346,139.609515666962,137
SHP0002,35.957094314926,139.609354734421,138
SHP0002,35.9574376399545,139.609233353579,139
SHP0002,35.9575593002885,139.609190341178,140
SHP0002,35.9577543502686,139.609121382236,141
SHP0002,35.9577652061131,139.609231352806,142
SHP0002,35.957923701442,139.609706103802,143
SHP0002,35.9579975211843,139.609926044941,144
SHP0002,35.9580930526155,139.610261321068,145
SHP0002,35.9581581876822,139.610494673252,146
SHP0002,35.9582906289845,139.61090773344,147
SHP0002,35.9583123406734,139.610980153084,148
SHP0002,35.9583340523623,139.611049890518,149
SHP0002,35.9585012323668,139.611538052559,150
SHP0002,35.9586011061358,139.611817002296,151
SHP0002,35.9587053222425,139.612152278423,152
SHP0002,35.9588940754145,139.612529740261,153
SHP0002,35.9589217356839,139.612585054278,154
SHP0002,35.9590527092649,139.612846970558,155
SHP0002,35.9592394297895,139.613490700722,156
SHP0002,35.9595716186297,139.6142578125,157
SHP0002,35.9597279427897,139.614622592926,158
SHP0002,35.959821303052,139.614834487438,159
SHP0002,35.9599623563492,139.615147792247,160
SHP0002,35.9599874695639,139.615203573225,161
SHP0002,35.9600362487721,139.615311920643,162
SHP0002,35.9602229692967,139.615950286388,163
SHP0002,35.9603901304781,139.616540372372,164
SHP0002,35.9604292071178,139.616666436195,165
SHP0002,35.9606154260628,139.617259521616,166
SHP0002,35.9608199735158,139.617910981178,167
SHP0002,35.9612454747047,139.619270861149,168
SHP0002,35.9614256614327,139.619163572788,169
SHP0002,35.9618120859818,139.618932902813,170
SHP0002,35.9622614673394,139.61866736412,171
SHP0002,35.9627347288658,139.618385732174,172
SHP0002,35.9631254952638,139.618144333363,173
SHP0002,35.9637507215005,139.61711704731,174
SHP0002,35.964028599828,139.616666436195,175
SHP0002,35.9640785310899,139.616585969925,176
SHP0002,35.9643911442083,139.616070985794,177
SHP0002,35.9640828729388,139.615604281425,178
SHP0002,35.9636703972965,139.614998102188,179
SHP0002,35.9635857312436,139.614866673946,180
SHP0002,35.9633980349943,139.614583064714,181
SHP0002,35.9632644344275,139.614381194115,182
SHP0002,35.9632058194678,139.6142578125,183
SHP0002,35.9631705176534,139.614185031734,184
SHP0002,35.9628454460119,139.613514840603,185
SHP0002,35.9625176364225,139.61284160614,186
SHP0002,35.9621882235214,139.612159890392,187
SHP0002,35.9621502362901,139.612081276307,188
SHP0002,35.9619966145586,139.611763358116,189
SHP0002,35.961853333546,139.611468315125,190
SHP0002,35.9615103274855,139.610760211945,191
SHP0002,35.9612411328558,139.61019963026,192
SHP0002,35.9609719382261,139.609660506248,193
SHP0002,35.9607418202362,139.608995318413,194
SHP0002,35.9607129620823,139.608914765263,195
SHP0002,35.9606832052765,139.608831703663,196
SHP0002,35.9605399242639,139.608332812786,197
SHP0002,35.9605312405662,139.608305990696,198
SHP0002,35.9603966432514,139.607603251934,199
SHP0002,35.9602880970297,139.606994390488,200
SHP0002,35.9602229692967,139.60676908493,201
SHP0002,35.9597800508431,139.605492353439,202
SHP0002,35.9594891142118,139.605610370636,203
SHP0002,35.9591482406961,139.605744481087,204
SHP0002,35.9584035297668,139.606052935123,205
SHP0002,35.9583340523623,139.606082439423,206
SHP0002,35.9582537191133,139.606114625931,207
SHP0002,35.9578411970242,139.606275558472,208
SHP0002,35.9573613686995,139.606479406357,209
SHP0002,35.9568511440103,139.606685936451,210
SHP0002,35.9564147390634,139.605377018452,211
SHP0002,35.956047811521,139.605583548546,212
SHP0002,35.9559262260631,139.605650603771,213
SHP0002,35.9557481902141,139.605731070042,214
SHP0002,35.9554355418939,139.605873227119,215
SHP0002,35.9556416471068,139.60652108681,216
SHP0002,35.9558263522942,139.607101678848,217
SHP0002,35.9561541987966,139.606970250607,218
SHP0002,35.9563344058145,139.606895148754,219
