shape_id,shape_pt_lat,shape_pt_lon,shape_pt_sequence
SHP0001,35.8626475553636,139.596700885052,1
SHP0001,35.8627849781513,139.59680467844,2
SHP0001,35.8629306101615,139.596944153309,3
SHP0001,35.8631153671894,139.597172141075,4
SHP0001,35.8633696798042,139.597534239292,5
SHP0001,35.8637174577391,139.597145318985,6
SHP0001,35.8637674508172,139.597094357014,7
SHP0001,35.8638587425251,139.597008526325,8
SHP0001,35.864208694072,139.59677785635,9
SHP0001,35.864395624712,139.596665203571,10
SHP0001,35.8645586456189,139.596592783928,11
SHP0001,35.864723840138,139.596525728703,12
SHP0001,35.8648846874328,139.596472084522,13
SHP0001,35.8651129167025,139.596429169178,14
SHP0001,35.865241159816,139.596415758133,15
SHP0001,35.8656258891564,139.596405029297,16
SHP0001,35.8661997227489,139.596474766731,17
SHP0001,35.8663602474633,139.596497799918,18
SHP0001,35.8666670493488,139.596541821957,19
SHP0001,35.8667235632632,139.596549868584,20
SHP0001,35.867212625984,139.5966142416,21
SHP0001,35.8673973830119,139.596638381481,22
SHP0001,35.867797327637,139.596697390079,23
SHP0001,35.8679212235262,139.596710801125,24
SHP0001,35.8679668693802,139.596555233002,25
SHP0001,35.8680974265242,139.596490790676,26
SHP0001,35.8681756280954,139.596452190788,27
SHP0001,35.8682929111941,139.596394300461,28
SHP0001,35.8679451332593,139.595527946949,29
SHP0001,35.8678147165337,139.595187306404,30
SHP0001,35.8680951124937,139.595002233982,31
SHP0001,35.8679994735616,139.594479203224,32
SHP0001,35.8680212096825,139.594114422798,33
SHP0001,35.8680538138639,139.593816697598,34
SHP0001,35.8679907791132,139.593773782253,35
SHP0001,35.868221181995,139.593178331852,36
SHP0001,35.8682407445039,139.59313005209,37
SHP0001,35.8683016056425,139.592969119549,38
SHP0001,35.8683276889876,139.592875242233,39
SHP0001,35.868372954852,139.592668028975,40
SHP0001,35.8683950709624,139.592566788197,41
SHP0001,35.8684472376527,139.592451453209,42
SHP0001,35.8685428765847,139.59228515625,43
SHP0001,35.8686841613708,139.592038393021,44
SHP0001,35.8688406614414,139.591799676418,45
SHP0001,35.8689058698042,139.591949880123,46
SHP0001,35.8691254046256,139.592282474041,47
SHP0001,35.8691275782377,139.59228515625,48
SHP0001,35.8693623283437,139.592580199242,49
SHP0001,35.8695927312255,139.592877924442,50
SHP0001,35.8696927173818,139.593044221401,51
SHP0001,35.8700026431993,139.593362611093,52
SHP0001,35.8700484755349,139.59340969508,53
SHP0001,35.8701339606366,139.593497514725,54
SHP0001,35.8701774328784,139.593551158905,55
SHP0001,35.8702687245863,139.593379497528,56
SHP0001,35.8703621899063,139.593181014061,57
SHP0001,35.8704382663295,139.592987895012,58
SHP0001,35.8704686968988,139.592754542828,59
SHP0001,35.8704317454933,139.592287838459,60
SHP0001,35.8704317454933,139.59228515625,61
SHP0001,35.870403488536,139.592100083828,62
SHP0001,35.8703752315788,139.591979384422,63
SHP0001,35.8703665371305,139.591896235943,64
SHP0001,35.8703752315788,139.591703116894,65
SHP0001,35.870379578803,139.591665565968,66
SHP0001,35.8703860996393,139.59157705307,67
SHP0001,35.8703904468635,139.591214954853,68
SHP0001,35.870401314924,139.590903818607,69
SHP0001,35.8704165302086,139.590718746185,70
SHP0001,35.870425224657,139.590638279915,71
SHP0001,35.8704182215471,139.5903852002,72
SHP0001,35.8703947940877,139.589538574219,73
SHP0001,35.8706947525565,139.589522480965,74
SHP0001,35.870964280456,139.589506387711,75
SHP0001,35.8712338083554,139.589490294456,76
SHP0001,35.871246850028,139.589487612247,77
SHP0001,35.8715163476457,139.589474201202,78
SHP0001,35.871811925678,139.589458107948,79
SHP0001,35.8720966368709,139.589447379112,80
SHP0001,35.8721993325024,139.589443154468,81
SHP0001,35.8723574410171,139.589436650276,82
SHP0001,35.8724682827792,139.589433968067,83
SHP0001,35.8724878430901,139.590600728989,84
SHP0001,35.8724943631938,139.591099619865,85
SHP0001,35.872509576769,139.591665565968,86
SHP0001,35.8725160968726,139.592033028603,87
SHP0001,35.8725269637121,139.59228515625,88
SHP0001,35.8725334838157,139.59252923727,89
SHP0001,35.8725921647486,139.592746496201,90
SHP0001,35.8726052049559,139.593231976032,91
SHP0001,35.8726138984275,139.593532383442,92
SHP0001,35.8726073783238,139.593744277954,93
SHP0001,35.8725965114844,139.593856930733,94
SHP0001,35.8725878180128,139.593993723392,95
SHP0001,35.8724791496186,139.595012962818,96
SHP0001,35.8724313355251,139.595240950584,97
SHP0001,35.8723422274419,139.595463573933,98
SHP0001,35.8722498172462,139.595660511543,99
SHP0001,35.8721645525136,139.595842221283,100
SHP0001,35.8718966870255,139.596413075924,101
SHP0001,35.8717097773874,139.596850275993,102
SHP0001,35.8715619883713,139.597139954567,103
SHP0001,35.8715380813245,139.597196280956,104
SHP0001,35.871266410339,139.597644209862,105
SHP0001,35.871246850028,139.59767639637,106
SHP0001,35.871222940295,139.597719311714,107
SHP0001,35.8708164748337,139.598322808743,108
SHP0001,35.870683884496,139.598558843136,109
SHP0001,35.8709164609899,139.598722457886,110
SHP0001,35.8711099124662,139.598848521709,111
SHP0001,35.871246850028,139.598920941353,112
SHP0001,35.8714598400807,139.598996043205,113
SHP0001,35.8715141742778,139.59900945425,114
SHP0001,35.871868433243,139.599044322968,115
SHP0001,35.8720090604484,139.599060180478,116
SHP0001,35.8722965867163,139.59909260273,117
SHP0001,35.8724313355251,139.599108695984,118
SHP0001,35.872848622159,139.599138200283,119
SHP0001,35.8730094513825,139.599124789238,120
SHP0001,35.8733419766688,139.599068462849,121
SHP0001,35.8733702304513,139.599060416222,122
SHP0001,35.8736745019552,139.598947763443,123
SHP0001,35.8737179693129,139.598926305771,124
SHP0001,35.8738201176035,139.598880708218,125
SHP0001,35.8741200423715,139.598701000214,126
SHP0001,35.8744264872433,139.598454236984,127
SHP0001,35.8744460475542,139.59843814373,128
SHP0001,35.8744916882798,139.598397910595,129
SHP0001,35.8750002563648,139.597987532616,130
SHP0001,35.8750805669645,139.597922434486,131
SHP0001,35.8751321560504,139.597880617427,132
SHP0001,35.8753675555373,139.597689807415,133
SHP0001,35.8754262364702,139.59764957428,134
SHP0001,35.8756109727404,139.597507417202,135
SHP0001,35.8757718019639,139.597410857677,136
SHP0001,35.8758978573012,139.597346484661,137
SHP0001,35.8760043523275,139.597300887108,138
SHP0001,35.8762108222766,139.597249925137,139
SHP0001,35.8764390259045,139.597228467464,140
SHP0001,35.8766302822783,139.59724187851,141
SHP0001,35.876730257201,139.597255289555,142
SHP0001,35.8768084984449,139.597266018391,143
SHP0001,35.8772996795868,139.59737598896,144
SHP0001,35.8775300565826,139.597424268723,145
SHP0001,35.8776278581374,139.597451090813,146
SHP0001,35.8781320794866,139.597711265087,147
SHP0001,35.8783385494357,139.59781318903,148
SHP0001,35.8785624063278,139.597923159599,149
SHP0001,35.8786971551366,139.597987532616,150
SHP0001,35.8792730976261,139.598279893398,151
SHP0001,35.8793426453984,139.598314762115,152
SHP0001,35.8798751205301,139.598556160927,153
SHP0001,35.8801489648836,139.598633944988,154
SHP0001,35.8801576573782,139.598636627197,155
SHP0001,35.8805227421517,139.598717093468,156
SHP0001,35.8806531295708,139.598741233349,157
SHP0001,35.8812463923277,139.5988753438,158
SHP0001,35.8816636320688,139.598969221115,159
SHP0001,35.881880944434,139.599017500877,160
SHP0001,35.8819330994016,139.5988753438,161
SHP0001,35.8819483112672,139.598706364632,162
SHP0001,35.882174316127,139.598706364632,163
SHP0001,35.8825980752391,139.598701000214,164
SHP0001,35.8826002483627,139.598789513111,165
SHP0001,35.8826024214864,139.599170386791,166
SHP0001,35.8824872459328,139.599151611328,167
SHP0001,35.881880944434,139.599017500877,168
SHP0001,35.8816636320688,139.598969221115,169
SHP0001,35.8812463923277,139.5988753438,170
SHP0001,35.8806531295708,139.598741233349,171
SHP0001,35.8805227421517,139.598717093468,172
SHP0001,35.8801576573782,139.598636627197,173
SHP0001,35.8801489648836,139.598633944988,174
SHP0001,35.8798751205301,139.598556160927,175
SHP0001,35.8793426453984,139.598314762115,176
SHP0001,35.8792730976261,139.598279893398,177
SHP0001,35.8786971551366,139.597987532616,178
SHP0001,35.8785624063278,139.597923159599,179
SHP0001,35.8783385494357,139.59781318903,180
SHP0001,35.8781320794866,139.597711265087,181
SHP0001,35.8776278581374,139.597451090813,182
SHP0001,35.8775300565826,139.597424268723,183
SHP0001,35.8775474435257,139.597606658936,184
SHP0001,35.8776691521272,139.597880244255,185
SHP0001,35.8777039260134,139.597987532616,186
SHP0001,35.8777408732674,139.598650038242,187
SHP0001,35.8777734737857,139.599307179451,188
SHP0001,35.8777843406251,139.599529802799,189
SHP0001,35.877730006428,139.599830210209,190
SHP0001,35.8776999030983,139.599997391018,191
SHP0001,35.8776995792776,139.599999189377,192
SHP0001,35.8775930842512,139.600597321987,193
SHP0001,35.8776039510907,139.601125717163,194
SHP0001,35.8776126445622,139.601495862007,195
SHP0001,35.8776148179301,139.601552188396,196
SHP0001,35.8776322048732,139.60211545229,197
SHP0001,35.8776322048732,139.602153003216,198
SHP0001,35.877653938552,139.60257679224,199
SHP0001,35.877634378241,139.603005945683,200
SHP0001,35.8776256847695,139.603236615658,201
SHP0001,35.8776235114016,139.603263437748,202
SHP0001,35.8776235114016,139.603271484375,203
SHP0001,35.8776017777228,139.604038596153,204
SHP0001,35.8778973557551,139.604105651379,205
SHP0001,35.8781798935801,139.604170024395,206
SHP0001,35.8783602831145,139.604204893112,207
SHP0001,35.8785710997993,139.604204893112,208
SHP0001,35.8788471175207,139.604212939739,209
SHP0001,35.8791492156567,139.604212939739,210
SHP0001,35.8792774443618,139.604207575321,211
SHP0001,35.8794665273678,139.60421025753,212
SHP0001,35.8794991278861,139.604220986366,213
SHP0001,35.8795792067743,139.604246993579,214
SHP0001,35.8797055978351,139.604288041592,215
SHP0001,35.87997444874,139.60439864019,216
SHP0001,35.8801489648836,139.604470431805,217
SHP0001,35.8801533111309,139.604473114014,218
SHP0001,35.8801924273566,139.605044424534,219
SHP0001,35.8802076392222,139.605221450329,220
SHP0001,35.8802228510878,139.605468213558,221
SHP0001,35.8802293704587,139.605575501919,222
SHP0001,35.8802781774877,139.606308777561,223
SHP0001,35.8802923910446,139.606522321701,224
SHP0001,35.8803017409975,139.606684410647,225
SHP0001,35.880340199765,139.607351124287,226
SHP0001,35.8803510653832,139.607528150082,227
SHP0001,35.88028369855,139.607536196709,228
SHP0001,35.8801489648836,139.607549607754,229
SHP0001,35.879368725813,139.60761398077,230
SHP0001,35.879236150372,139.607627391815,231
SHP0001,35.8789753462259,139.607648849487,232
SHP0001,35.8789057984536,139.607646167278,233
SHP0001,35.8789329355671,139.608150496425,234
SHP0001,35.8789427457076,139.608332812786,235
SHP0001,35.8789467575558,139.608391492783,236
SHP0001,35.8790014266405,139.609191119671,237
SHP0001,35.8794665273678,139.609142839909,238
SHP0001,35.879518688197,139.609864354134,239
SHP0001,35.8795643289226,139.610548317432,240
SHP0001,35.8795686756584,139.610612690449,241
SHP0001,35.8795991028088,139.611023068428,242
SHP0001,35.8796186631197,139.611302018166,243
SHP0001,35.8796186631197,139.61134493351,244
SHP0001,35.8796273565913,139.61148172617,245
SHP0001,35.8796121430161,139.611825048923,246
SHP0001,35.8796077962803,139.611975252628,247
SHP0001,35.8796005121409,139.612156541749,248
SHP0001,35.879594756073,139.612299799919,249
SHP0001,35.8798063876545,139.612278905522,250
SHP0001,35.8800294296499,139.612256884575,251
SHP0001,35.8800989774223,139.612809419632,252
SHP0001,35.8795599821869,139.612973034382,253
SHP0001,35.8793609311303,139.613055624954,254
SHP0001,35.8793078715122,139.613077640533,255
SHP0001,35.8790514141018,139.613184928894,256
SHP0001,35.8789856164825,139.613212455175,257
SHP0001,35.8789231853967,139.613238573074,258
SHP0001,35.8787623561732,139.613284170628,259
SHP0001,35.8782255343057,139.613407552242,260
SHP0001,35.8783342026999,139.613788425922,261
SHP0001,35.878388536897,139.613986909389,262
SHP0001,35.8784624314051,139.614247083664,263
SHP0001,35.8784667781409,139.6142578125,264
SHP0001,35.8785667530636,139.614601135254,265
SHP0001,35.8787210621834,139.615124166012,266
SHP0001,35.8787449692301,139.615207314491,267
SHP0001,35.8787971300593,139.61537361145,268
SHP0001,35.8788884115105,139.615698158741,269
SHP0001,35.8791187885063,139.615593552589,270
SHP0001,35.8792281001953,139.615541922526,271
SHP0001,35.8794708741036,139.61542725563,272
SHP0001,35.8795969294409,139.615861773491,273
SHP0001,35.8796186631197,139.61594492197,274
SHP0001,35.8797707988717,139.616459906101,275
SHP0001,35.8800598568003,139.616331160069,276
SHP0001,35.8801489648836,139.616288244724,277
SHP0001,35.8804901452969,139.616132676601,278
SHP0001,35.8808682688123,139.615969061852,279
SHP0001,35.8810095218497,139.615904688835,280
SHP0001,35.881100793043,139.615867137909,281
SHP0001,35.8812376998331,139.615808129311,282
SHP0001,35.8818048851062,139.615558683872,283
SHP0001,35.8820759337257,139.615438590564,284
SHP0001,35.8822286442183,139.615370929241,285
SHP0001,35.8822977182715,139.615339970489,286
SHP0001,35.8830066224856,139.615022242069,287
SHP0001,35.8832652242001,139.6149122715,288
SHP0001,35.883334764157,139.614788889885,289
SHP0001,35.8833869191246,139.614695012569,290
SHP0001,35.8836455208392,139.6142578125,291
SHP0001,35.8837172339197,139.614131748676,292
SHP0001,35.8839258537902,139.613777697086,293
SHP0001,35.883615097108,139.613254666328,294
SHP0001,35.8834608053288,139.613002538681,295
SHP0001,35.8834434203396,139.612970352173,296
SHP0001,35.883334764157,139.612771868706,297
SHP0001,35.8832695704474,139.612605571747,298
SHP0001,35.8831826455013,139.612310528755,299
SHP0001,35.8830826818134,139.611932337284,300
SHP0001,35.8830218343511,139.611715078354,301
SHP0001,35.8829522943943,139.611532688141,302
SHP0001,35.8827588863893,139.611159861088,303
SHP0001,35.8825176696639,139.610508084297,304
SHP0001,35.8824350909652,139.610328376293,305
SHP0001,35.882311222917,139.610057473183,306
SHP0001,35.8822721066913,139.609952867031,307
SHP0001,35.8822025667344,139.609732925892,308
SHP0001,35.8821873548689,139.609692692757,309
SHP0001,35.8820374093369,139.609236717224,310
SHP0001,35.8819787349983,139.608936309814,311
SHP0001,35.8819722156274,139.608877301216,312
SHP0001,35.8819613500091,139.608737826347,313
SHP0001,35.8819287531543,139.608332812786,314
SHP0001,35.8818961562996,139.607986807823,315
SHP0001,35.8821134686647,139.607992172241,316
SHP0001,35.8822156054764,139.607992172241,317
SHP0001,35.8824589953253,139.607997536659,318
SHP0001,35.8829696793835,139.608018994331,319
SHP0001,35.8831865369625,139.60802696039,320
SHP0001,35.883334764157,139.608032405376,321
SHP0001,35.8834412472159,139.608035087585,322
SHP0001,35.8843756903861,139.608072638512,323
SHP0001,35.8853753272659,139.608102142811,324
SHP0001,35.8854413993398,139.608230149023,325
SHP0001,35.8854819304644,139.608308672905,326
SHP0001,35.8855949315547,139.608276486397,327
SHP0001,35.8855464937978,139.608084191562,328
SHP0001,35.8856404483514,139.608064591885,329
SHP0001,35.8857621432759,139.608005583286,330
SHP0001,35.8858664532112,139.607933163643,331
SHP0001,35.8859164350552,139.60788756609,332
SHP0001,35.8862315379847,139.607514739037,333
SHP0001,35.8865879302635,139.607088267803,334
SHP0001,35.8867856845158,139.607321619987,335
SHP0001,35.8869921312628,139.607603251934,336
SHP0001,35.8872224823698,139.608332812786,337
SHP0001,35.8875658359068,139.609424471855,338
SHP0001,35.8880048068844,139.609209895134,339
SHP0001,35.8882786204646,139.609067738056,340
SHP0001,35.8884742015932,139.608968496323,341
SHP0001,35.8887893045227,139.608810245991,342
SHP0001,35.8888462047252,139.608780398287,343
SHP0001,35.8890500793609,139.608673453331,344
SHP0001,35.8893521095966,139.608520567417,345
SHP0001,35.8897193262142,139.608332812786,346
SHP0001,35.8901300004196,139.60813164711,347
SHP0001,35.8904694038582,139.60796343986,348
SHP0001,35.8907145049765,139.607841968536,349
SHP0001,35.8911729825285,139.607611298561,350
SHP0001,35.8914076535031,139.608332812786,351
SHP0001,35.8916119041661,139.608633220196,352
SHP0001,35.8916683990303,139.608587622643,353
SHP0001,35.8917596599648,139.608523249626,354
SHP0001,35.8921355681,139.608332812786,355
SHP0001,35.8924136966624,139.608196020126,356
SHP0001,35.8932980585756,139.60775077343,357
SHP0001,35.8941759018506,139.607305526733,358
SHP0001,35.8948538402215,139.606964886189,359
SHP0001,35.8948625317391,139.607139229774,360
SHP0001,35.8948820876536,139.607686400414,361
SHP0001,35.89489512493,139.60824161768,362
SHP0001,35.8948972978094,139.608332812786,363
SHP0001,35.8949103350857,139.608673453331,364
SHP0001,35.8949211994827,139.608979225159,365
SHP0001,35.8949385825178,139.609518349171,366
SHP0001,35.8949511189465,139.609865677088,367
SHP0001,35.8949581384324,139.610060155392,368
SHP0001,35.8949755214675,139.610508084297,369
SHP0001,35.8950385349699,139.612423181534,370
SHP0001,35.8950602637639,139.613104462624,371
SHP0001,35.8947060844227,139.613479971886,372
SHP0001,35.8941628645743,139.614078104496,373
SHP0001,35.8942910644585,139.6142578125,374
SHP0001,35.8945018337597,139.614555537701,375
SHP0001,35.89468000987,139.614821076393,376
SHP0001,35.8947012191209,139.614858744636,377
SHP0001,35.8948929520506,139.615199267864,378
SHP0001,35.8950733010402,139.615545272827,379
SHP0001,35.8954622464517,139.616449177265,380
SHP0001,35.8955469887481,139.616666436195,381
SHP0001,35.8956708428735,139.61698025465,382
SHP0001,35.8952753788239,139.61725383997,383
SHP0001,35.8947473691312,139.617629349232,384
SHP0001,35.8940802951573,139.618106782436,385
SHP0001,35.8940156806144,139.61815995603,386
SHP0001,35.8939565647836,139.618071913719,387
SHP0001,35.893907663784,139.617954539542,388
SHP0001,35.8938783415376,139.617884159088,389
SHP0001,35.893986984914,139.61777150631,390
SHP0001,35.8941521225605,139.617862701416,391
SHP0001,35.8939565647836,139.618071913719,392
SHP0001,35.8940156806144,139.61815995603,393
SHP0001,35.8940020714991,139.618171155453,394
SHP0001,35.8935522854647,139.618479609489,395
SHP0001,35.8932220077968,139.618627130985,396
SHP0001,35.8930894621538,139.618688821793,397
SHP0001,35.8930655604805,139.61869686842,398
SHP0001,35.8929547436314,139.6187505126,399
SHP0001,35.8924419440945,139.618970453739,400
SHP0001,35.8921551240145,139.619101881981,401
SHP0001,35.8919973356093,139.619172313829,402
SHP0001,35.8916683990303,139.619319140911,403
SHP0001,35.8916442545169,139.619327201129,404
SHP0001,35.8913229112067,139.619434475899,405
SHP0001,35.8911186605437,139.619501531124,406
SHP0001,35.8905841322129,139.619681239128,407
SHP0001,35.890805765911,139.620467126369,408
SHP0001,35.891020880971,139.621247649193,409
SHP0001,35.8913316027243,139.622350037098,410
SHP0001,35.8913598501564,139.622449278831,411
SHP0001,35.8916249414424,139.623441696167,412
SHP0001,35.8902277799923,139.624050557613,413
SHP0001,35.8898627362541,139.624208807945,414
SHP0001,35.8898388345808,139.624216854572,415
SHP0001,35.8895867805711,139.62433218956,416
SHP0001,35.8894672722045,139.624383151531,417
SHP0001,35.8892760588178,139.624466300011,418
SHP0001,35.8890500793609,139.624565541744,419
SHP0001,35.8890109631352,139.624584317207,420
SHP0001,35.8887567076679,139.624696969986,421
SHP0001,35.8880786930886,139.624994695187,422
SHP0001,35.8880678274703,139.624997377396,423
SHP0001,35.887833130116,139.625096619129,424
SHP0001,35.8874876034553,139.625244140625,425
SHP0001,35.8872789835848,139.625332653522,426
SHP0001,35.8868943406984,139.625498950481,427
SHP0001,35.8867357026719,139.625571370125,428
SHP0001,35.8866683358387,139.625600874424,429
SHP0001,35.8865488140378,139.625649154186,430
SHP0001,35.8862163261191,139.625796675682,431
SHP0001,35.8860750730817,139.62585568428,432
SHP0001,35.8859968406303,139.625887870789,433
SHP0001,35.8857664895232,139.62599247694,434
SHP0001,35.8855339652925,139.626097083092,435
SHP0001,35.8850732630783,139.626298248768,436
SHP0001,35.8849167981754,139.626367986202,437
SHP0001,35.884875508826,139.626386761665,438
SHP0001,35.884301804182,139.626636207104,439
SHP0001,35.8842887654401,139.626542329788,440
SHP0001,35.8842445756629,139.626387316064,441
SHP0001,35.8842887654401,139.626542329788,442
SHP0001,35.884301804182,139.626636207104,443
SHP0001,35.884875508826,139.626386761665,444
SHP0001,35.8849167981754,139.626367986202,445
SHP0001,35.8850732630783,139.626298248768,446
SHP0001,35.8855339652925,139.626097083092,447
SHP0001,35.8857664895232,139.62599247694,448
SHP0001,35.8859968406303,139.625887870789,449
SHP0001,35.8860750730817,139.62585568428,450
SHP0001,35.8862163261191,139.625796675682,451
SHP0001,35.8865488140378,139.625649154186,452
SHP0001,35.8866683358387,139.625600874424,453
SHP0001,35.8867357026719,139.625571370125,454
SHP0001,35.8868943406984,139.625498950481,455
SHP0001,35.8872789835848,139.625332653522,456
SHP0001,35.8874876034553,139.625244140625,457
SHP0001,35.887833130116,139.625096619129,458
SHP0001,35.8880678274703,139.624997377396,459
SHP0001,35.8880786930886,139.624994695187,460
SHP0001,35.8887567076679,139.624696969986,461
SHP0001,35.8890109631352,139.624584317207,462
SHP0001,35.8890500793609,139.624565541744,463
SHP0001,35.8892760588178,139.624466300011,464
SHP0001,35.8894672722045,139.624383151531,465
SHP0001,35.8895867805711,139.62433218956,466
SHP0001,35.8898388345808,139.624216854572,467
SHP0001,35.8898627362541,139.624208807945,468
SHP0001,35.8902277799923,139.624050557613,469
SHP0001,35.8916249414424,139.623441696167,470
SHP0001,35.8913598501564,139.622449278831,471
SHP0001,35.8913316027243,139.622350037098,472
SHP0001,35.891020880971,139.621247649193,473
SHP0001,35.890805765911,139.620467126369,474
SHP0001,35.8905841322129,139.619681239128,475
SHP0001,35.8911186605437,139.619501531124,476
SHP0001,35.8913229112067,139.619434475899,477
SHP0001,35.8916442545169,139.619327201129,478
SHP0001,35.8916683990303,139.619319140911,479
SHP0001,35.8919973356093,139.619172313829,480
SHP0001,35.8921551240145,139.619101881981,481
SHP0001,35.8924419440945,139.618970453739,482
SHP0001,35.8929547436314,139.6187505126,483
SHP0001,35.8930655604805,139.61869686842,484
SHP0001,35.8930894621538,139.618688821793,485
SHP0001,35.8932220077968,139.618627130985,486
SHP0001,35.8935522854647,139.618479609489,487
SHP0001,35.8940020714991,139.618171155453,488
SHP0001,35.8940156806144,139.61815995603,489
SHP0001,35.8939565647836,139.618071913719,490
SHP0001,35.893907663784,139.617954539542,491
SHP0001,35.8938783415376,139.617884159088,492
SHP0001,35.893986984914,139.61777150631,493
SHP0001,35.8941521225605,139.617862701416,494
SHP0001,35.8939565647836,139.618071913719,495
SHP0001,35.8940156806144,139.61815995603,496
SHP0001,35.8940802951573,139.618106782436,497
SHP0001,35.8947473691312,139.617629349232,498
SHP0001,35.8952753788239,139.61725383997,499
SHP0001,35.8950385349699,139.616666436195,500
SHP0001,35.8950298434524,139.616642296314,501
SHP0001,35.8947495420106,139.616025388241,502
SHP0001,35.8946365522821,139.615797400475,503
SHP0001,35.8944974880009,139.615553319454,504
SHP0001,35.8943932435214,139.615382346417,505
SHP0001,35.8941867662476,139.615043699741,506
SHP0001,35.893995552861,139.614756703377,507
SHP0001,35.8937978208361,139.61447507143,508
SHP0001,35.8939977257404,139.6142578125,509
SHP0001,35.8941628645743,139.614078104496,510
SHP0001,35.8947060844227,139.613479971886,511
SHP0001,35.8950602637639,139.613104462624,512
SHP0001,35.8950385349699,139.612423181534,513
SHP0001,35.8949755214675,139.610508084297,514
SHP0001,35.8949581384324,139.610060155392,515
SHP0001,35.8949511189465,139.609865677088,516
SHP0001,35.8949385825178,139.609518349171,517
SHP0001,35.8949211994827,139.608979225159,518
SHP0001,35.8949103350857,139.608673453331,519
SHP0001,35.8948972978094,139.608332812786,520
SHP0001,35.89489512493,139.60824161768,521
SHP0001,35.8948820876536,139.607686400414,522
SHP0001,35.8948625317391,139.607139229774,523
SHP0001,35.8948538402215,139.606964886189,524
SHP0001,35.8941759018506,139.607305526733,525
SHP0001,35.8932980585756,139.60775077343,526
SHP0001,35.8924136966624,139.608196020126,527
SHP0001,35.8921355681,139.608332812786,528
SHP0001,35.8917596599648,139.608523249626,529
SHP0001,35.8916683990303,139.608587622643,530
SHP0001,35.8916119041661,139.608633220196,531
SHP0001,35.8914076535031,139.608332812786,532
SHP0001,35.8911729825285,139.607611298561,533
SHP0001,35.8907145049765,139.607841968536,534
SHP0001,35.8904694038582,139.60796343986,535
SHP0001,35.8901300004196,139.60813164711,536
SHP0001,35.8897193262142,139.608332812786,537
SHP0001,35.8893521095966,139.608520567417,538
SHP0001,35.8890500793609,139.608673453331,539
SHP0001,35.8888462047252,139.608780398287,540
SHP0001,35.8887893045227,139.608810245991,541
SHP0001,35.8884742015932,139.608968496323,542
SHP0001,35.8882786204646,139.609067738056,543
SHP0001,35.8880048068844,139.609209895134,544
SHP0001,35.8875658359068,139.609424471855,545
SHP0001,35.8872224823698,139.608332812786,546
SHP0001,35.8869921312628,139.607603251934,547
SHP0001,35.8867856845158,139.607321619987,548
SHP0001,35.8865879302635,139.607088267803,549
SHP0001,35.8862315379847,139.607514739037,550
SHP0001,35.8859164350552,139.60788756609,551
SHP0001,35.8858664532112,139.607933163643,552
SHP0001,35.8857621432759,139.608005583286,553
SHP0001,35.8856404483514,139.608064591885,554
SHP0001,35.8855464937978,139.608084191562,555
SHP0001,35.8855949315547,139.608276486397,556
SHP0001,35.8854819304644,139.608308672905,557
SHP0001,35.8854413993398,139.608230149023,558
SHP0001,35.8853753272659,139.608102142811,559
SHP0001,35.8843756903861,139.608072638512,560
SHP0001,35.8834412472159,139.608035087585,561
SHP0001,35.883334764157,139.608032405376,562
SHP0001,35.8831865369625,139.60802696039,563
SHP0001,35.8829696793835,139.608018994331,564
SHP0001,35.8824589953253,139.607997536659,565
SHP0001,35.8822156054764,139.607992172241,566
SHP0001,35.8821134686647,139.607992172241,567
SHP0001,35.8818961562996,139.607986807823,568
SHP0001,35.8819287531543,139.608332812786,569
SHP0001,35.8819613500091,139.608737826347,570
SHP0001,35.8819722156274,139.608877301216,571
SHP0001,35.8819787349983,139.608936309814,572
SHP0001,35.8820374093369,139.609236717224,573
SHP0001,35.8821873548689,139.609692692757,574
SHP0001,35.8822025667344,139.609732925892,575
SHP0001,35.8822721066913,139.609952867031,576
SHP0001,35.882311222917,139.610057473183,577
SHP0001,35.8824350909652,139.610328376293,578
SHP0001,35.8825176696639,139.610508084297,579
SHP0001,35.8827588863893,139.611159861088,580
SHP0001,35.8829522943943,139.611532688141,581
SHP0001,35.8830218343511,139.611715078354,582
SHP0001,35.8830826818134,139.611932337284,583
SHP0001,35.8831826455013,139.612310528755,584
SHP0001,35.8832695704474,139.612605571747,585
SHP0001,35.883334764157,139.612771868706,586
SHP0001,35.8834434203396,139.612970352173,587
SHP0001,35.8834608053288,139.613002538681,588
SHP0001,35.883615097108,139.613254666328,589
SHP0001,35.8839258537902,139.613777697086,590
SHP0001,35.8837172339197,139.614131748676,591
SHP0001,35.8836455208392,139.6142578125,592
SHP0001,35.8833869191246,139.614695012569,593
SHP0001,35.883334764157,139.614788889885,594
SHP0001,35.8832652242001,139.6149122715,595
SHP0001,35.8830066224856,139.615022242069,596
SHP0001,35.8822977182715,139.615339970489,597
SHP0001,35.8822286442183,139.615370929241,598
SHP0001,35.8820759337257,139.615438590564,599
SHP0001,35.8818048851062,139.615558683872,600
SHP0001,35.8812376998331,139.615808129311,601
SHP0001,35.881100793043,139.615867137909,602
SHP0001,35.8810095218497,139.615904688835,603
SHP0001,35.8808682688123,139.615969061852,604
SHP0001,35.8804901452969,139.616132676601,605
SHP0001,35.8801489648836,139.616288244724,606
SHP0001,35.8800598568003,139.616331160069,607
SHP0001,35.8797707988717,139.616459906101,608
SHP0001,35.8796186631197,139.61594492197,609
SHP0001,35.8795969294409,139.615861773491,610
SHP0001,35.8794708741036,139.61542725563,611
SHP0001,35.8792281001953,139.615541922526,612
SHP0001,35.8791187885063,139.615593552589,613
SHP0001,35.8788884115105,139.615698158741,614
SHP0001,35.8787971300593,139.61537361145,615
SHP0001,35.8787449692301,139.615207314491,616
SHP0001,35.8787210621834,139.615124166012,617
SHP0001,35.8785667530636,139.614601135254,618
SHP0001,35.8784667781409,139.6142578125,619
SHP0001,35.8784624314051,139.614247083664,620
SHP0001,35.878388536897,139.613986909389,621
SHP0001,35.8783342026999,139.613788425922,622
SHP0001,35.8782255343057,139.613407552242,623
SHP0001,35.8787623561732,139.613284170628,624
SHP0001,35.8789231853967,139.613238573074,625
SHP0001,35.8789856164825,139.613212455175,626
SHP0001,35.8790514141018,139.613184928894,627
SHP0001,35.8793078715122,139.613077640533,628
SHP0001,35.8793609311303,139.613055624954,629
SHP0001,35.8795599821869,139.612973034382,630
SHP0001,35.8800989774223,139.612809419632,631
SHP0001,35.8800294296499,139.612256884575,632
SHP0001,35.8798063876545,139.612278905522,633
SHP0001,35.879594756073,139.612299799919,634
SHP0001,35.8796005121409,139.612156541749,635
SHP0001,35.8796077962803,139.611975252628,636
SHP0001,35.8796121430161,139.611825048923,637
SHP0001,35.8796273565913,139.61148172617,638
SHP0001,35.8796186631197,139.61134493351,639
SHP0001,35.8796186631197,139.611302018166,640
SHP0001,35.8795991028088,139.611023068428,641
SHP0001,35.8795686756584,139.610612690449,642
SHP0001,35.8795643289226,139.610548317432,643
SHP0001,35.879518688197,139.609864354134,644
SHP0001,35.8794665273678,139.609142839909,645
SHP0001,35.8790014266405,139.609191119671,646
SHP0001,35.8789467575558,139.608391492783,647
SHP0001,35.8789427457076,139.608332812786,648
SHP0001,35.8789329355671,139.608150496425,649
SHP0001,35.8789057984536,139.607646167278,650
SHP0001,35.8789753462259,139.607648849487,651
SHP0001,35.879236150372,139.607627391815,652
SHP0001,35.879368725813,139.60761398077,653
SHP0001,35.8801489648836,139.607549607754,654
SHP0001,35.88028369855,139.607536196709,655
SHP0001,35.8803510653832,139.607528150082,656
SHP0001,35.880340199765,139.607351124287,657
SHP0001,35.8803017409975,139.606684410647,658
SHP0001,35.8802923910446,139.606522321701,659
SHP0001,35.8802781774877,139.606308777561,660
SHP0001,35.8802293704587,139.605575501919,661
SHP0001,35.8802228510878,139.605468213558,662
SHP0001,35.8802076392222,139.605221450329,663
SHP0001,35.8801924273566,139.605044424534,664
SHP0001,35.8801533111309,139.604473114014,665
SHP0001,35.8801489648836,139.604470431805,666
SHP0001,35.87997444874,139.60439864019,667
SHP0001,35.8797055978351,139.604288041592,668
SHP0001,35.8795792067743,139.604246993579,669
SHP0001,35.8794991278861,139.604220986366,670
SHP0001,35.8794665273678,139.60421025753,671
SHP0001,35.8792774443618,139.604207575321,672
SHP0001,35.8791492156567,139.604212939739,673
SHP0001,35.8788471175207,139.604212939739,674
SHP0001,35.8785710997993,139.604204893112,675
SHP0001,35.8783602831145,139.604204893112,676
SHP0001,35.8781798935801,139.604170024395,677
SHP0001,35.8778973557551,139.604105651379,678
SHP0001,35.8776017777228,139.604038596153,679
SHP0001,35.8776235114016,139.603271484375,680
SHP0001,35.8776235114016,139.603263437748,681
SHP0001,35.8776256847695,139.603236615658,682
SHP0001,35.877634378241,139.603005945683,683
SHP0001,35.877653938552,139.60257679224,684
SHP0001,35.8776322048732,139.602153003216,685
SHP0001,35.8776322048732,139.60211545229,686
SHP0001,35.8776148179301,139.601552188396,687
SHP0001,35.8776126445622,139.601495862007,688
SHP0001,35.8776039510907,139.601125717163,689
SHP0001,35.8775930842512,139.600597321987,690
SHP0001,35.8776995792776,139.599999189377,691
SHP0001,35.8776999030983,139.599997391018,692
SHP0001,35.877730006428,139.599830210209,693
SHP0001,35.8777843406251,139.599529802799,694
SHP0001,35.8777734737857,139.599307179451,695
SHP0001,35.8777408732674,139.598650038242,696
SHP0001,35.8777039260134,139.597987532616,697
SHP0001,35.8776691521272,139.597880244255,698
SHP0001,35.8775474435257,139.597606658936,699
SHP0001,35.8775300565826,139.597424268723,700
SHP0001,35.8776278581374,139.597451090813,701
SHP0001,35.8781320794866,139.597711265087,702
SHP0001,35.8783385494357,139.59781318903,703
SHP0001,35.8785624063278,139.597923159599,704
SHP0001,35.8786971551366,139.597987532616,705
SHP0001,35.8792730976261,139.598279893398,706
SHP0001,35.8793426453984,139.598314762115,707
SHP0001,35.8798751205301,139.598556160927,708
SHP0001,35.8801489648836,139.598633944988,709
SHP0001,35.8801576573782,139.598636627197,710
SHP0001,35.8805227421517,139.598717093468,711
SHP0001,35.8806531295708,139.598741233349,712
SHP0001,35.8812463923277,139.5988753438,713
SHP0001,35.8816636320688,139.598969221115,714
SHP0001,35.881880944434,139.599017500877,715
SHP0001,35.8819330994016,139.5988753438,716
SHP0001,35.8819483112672,139.598706364632,717
SHP0001,35.882174316127,139.598706364632,718
SHP0001,35.8825980752391,139.598701000214,719
SHP0001,35.8826002483627,139.598789513111,720
SHP0001,35.8826024214864,139.599170386791,721
SHP0001,35.8824872459328,139.599151611328,722
SHP0001,35.881880944434,139.599017500877,723
SHP0001,35.8816636320688,139.598969221115,724
SHP0001,35.8812463923277,139.5988753438,725
SHP0001,35.8806531295708,139.598741233349,726
SHP0001,35.8805227421517,139.598717093468,727
SHP0001,35.8801576573782,139.598636627197,728
SHP0001,35.8801489648836,139.598633944988,729
SHP0001,35.8798751205301,139.598556160927,730
SHP0001,35.8793426453984,139.598314762115,731
SHP0001,35.8792730976261,139.598279893398,732
SHP0001,35.8786971551366,139.597987532616,733
SHP0001,35.8785624063278,139.597923159599,734
SHP0001,35.8783385494357,139.59781318903,735
SHP0001,35.8781320794866,139.597711265087,736
SHP0001,35.8776278581374,139.597451090813,737
SHP0001,35.8775300565826,139.597424268723,738
SHP0001,35.8772996795868,139.59737598896,739
SHP0001,35.8768084984449,139.597266018391,740
SHP0001,35.876730257201,139.597255289555,741
SHP0001,35.8766302822783,139.59724187851,742
SHP0001,35.8764390259045,139.597228467464,743
SHP0001,35.8762108222766,139.597249925137,744
SHP0001,35.8760043523275,139.597300887108,745
SHP0001,35.8758978573012,139.597346484661,746
SHP0001,35.8757718019639,139.597410857677,747
SHP0001,35.8756109727404,139.597507417202,748
SHP0001,35.8754262364702,139.59764957428,749
SHP0001,35.8753675555373,139.597689807415,750
SHP0001,35.8751321560504,139.597880617427,751
SHP0001,35.8750805669645,139.597922434486,752
SHP0001,35.8750002563648,139.597987532616,753
SHP0001,35.8744916882798,139.598397910595,754
SHP0001,35.8744460475542,139.59843814373,755
SHP0001,35.8744264872433,139.598454236984,756
SHP0001,35.8741200423715,139.598701000214,757
SHP0001,35.8738201176035,139.598880708218,758
SHP0001,35.8737179693129,139.598926305771,759
SHP0001,35.8736745019552,139.598947763443,760
SHP0001,35.8733702304513,139.599060416222,761
SHP0001,35.8733419766688,139.599068462849,762
SHP0001,35.8730094513825,139.599124789238,763
SHP0001,35.872848622159,139.599138200283,764
SHP0001,35.8724313355251,139.599108695984,765
SHP0001,35.8722965867163,139.59909260273,766
SHP0001,35.8720090604484,139.599060180478,767
SHP0001,35.871868433243,139.599044322968,768
SHP0001,35.8715141742778,139.59900945425,769
SHP0001,35.8714598400807,139.598996043205,770
SHP0001,35.871246850028,139.598920941353,771
SHP0001,35.8711099124662,139.598848521709,772
SHP0001,35.8709164609899,139.598722457886,773
SHP0001,35.870683884496,139.598558843136,774
SHP0001,35.8708164748337,139.598322808743,775
SHP0001,35.871222940295,139.597719311714,776
SHP0001,35.871246850028,139.59767639637,777
SHP0001,35.871266410339,139.597644209862,778
SHP0001,35.8715380813245,139.597196280956,779
SHP0001,35.8715619883713,139.597139954567,780
SHP0001,35.8717097773874,139.596850275993,781
SHP0001,35.8718966870255,139.596413075924,782
SHP0001,35.8721645525136,139.595842221283,783
SHP0001,35.8722498172462,139.595660511543,784
SHP0001,35.8723422274419,139.595463573933,785
SHP0001,35.8724313355251,139.595240950584,786
SHP0001,35.8724791496186,139.595012962818,787
SHP0001,35.8725878180128,139.593993723392,788
SHP0001,35.8725965114844,139.593856930733,789
SHP0001,35.8726073783238,139.593744277954,790
SHP0001,35.8726138984275,139.593532383442,791
SHP0001,35.8726052049559,139.593231976032,792
SHP0001,35.8725921647486,139.592746496201,793
SHP0001,35.8725334838157,139.59252923727,794
SHP0001,35.8725269637121,139.59228515625,795
SHP0001,35.8725160968726,139.592033028603,796
SHP0001,35.872509576769,139.591665565968,797
SHP0001,35.8724943631938,139.591099619865,798
SHP0001,35.8724878430901,139.590600728989,799
SHP0001,35.8724682827792,139.589433968067,800
SHP0001,35.8723574410171,139.589436650276,801
SHP0001,35.8721993325024,139.589443154468,802
SHP0001,35.8720966368709,139.589447379112,803
SHP0001,35.871811925678,139.589458107948,804
SHP0001,35.8715163476457,139.589474201202,805
SHP0001,35.871246850028,139.589487612247,806
SHP0001,35.8712338083554,139.589490294456,807
SHP0001,35.870964280456,139.589506387711,808
SHP0001,35.8706947525565,139.589522480965,809
SHP0001,35.8703947940877,139.589538574219,810
SHP0001,35.8704182215471,139.5903852002,811
SHP0001,35.870425224657,139.590638279915,812
SHP0001,35.8704165302086,139.590718746185,813
SHP0001,35.870401314924,139.590903818607,814
SHP0001,35.8703904468635,139.591214954853,815
SHP0001,35.8703860996393,139.59157705307,816
SHP0001,35.870379578803,139.591665565968,817
SHP0001,35.8703752315788,139.591703116894,818
SHP0001,35.8703665371305,139.591896235943,819
SHP0001,35.8703752315788,139.591979384422,820
SHP0001,35.870403488536,139.592100083828,821
SHP0001,35.8704317454933,139.59228515625,822
SHP0001,35.8704317454933,139.592287838459,823
SHP0001,35.8704686968988,139.592754542828,824
SHP0001,35.8704382663295,139.592987895012,825
SHP0001,35.8703621899063,139.593181014061,826
SHP0001,35.8702687245863,139.593379497528,827
SHP0001,35.8701774328784,139.593551158905,828
SHP0001,35.8701339606366,139.593497514725,829
SHP0001,35.8700484755349,139.59340969508,830
SHP0001,35.8700026431993,139.593362611093,831
SHP0001,35.8696927173818,139.593044221401,832
SHP0001,35.8695927312255,139.592877924442,833
SHP0001,35.8693623283437,139.592580199242,834
SHP0001,35.8691275782377,139.59228515625,835
SHP0001,35.8691254046256,139.592282474041,836
SHP0001,35.8689058698042,139.591949880123,837
SHP0001,35.8688406614414,139.591799676418,838
SHP0001,35.8686841613708,139.592038393021,839
SHP0001,35.8685428765847,139.59228515625,840
SHP0001,35.8684472376527,139.592451453209,841
SHP0001,35.8683950709624,139.592566788197,842
SHP0001,35.868372954852,139.592668028975,843
SHP0001,35.8683276889876,139.592875242233,844
SHP0001,35.8683016056425,139.592969119549,845
SHP0001,35.8682407445039,139.59313005209,846
SHP0001,35.868221181995,139.593178331852,847
SHP0001,35.8679907791132,139.593773782253,848
SHP0001,35.8680538138639,139.593816697598,849
SHP0001,35.8680212096825,139.594114422798,850
SHP0001,35.8679994735616,139.594479203224,851
SHP0001,35.8680951124937,139.595002233982,852
SHP0001,35.8678147165337,139.595187306404,853
SHP0001,35.8679451332593,139.595527946949,854
SHP0001,35.8682929111941,139.596394300461,855
SHP0001,35.8681756280954,139.596452190788,856
SHP0001,35.8680974265242,139.596490790676,857
SHP0001,35.8679668693802,139.596555233002,858
SHP0001,35.8679212235262,139.596710801125,859
SHP0001,35.867797327637,139.596697390079,860
SHP0001,35.8673973830119,139.596638381481,861
SHP0001,35.867212625984,139.5966142416,862
SHP0001,35.8667235632632,139.596549868584,863
SHP0001,35.8666670493488,139.596541821957,864
SHP0001,35.8663602474633,139.596497799918,865
SHP0001,35.8661997227489,139.596474766731,866
SHP0001,35.8656258891564,139.596405029297,867
SHP0001,35.865241159816,139.596415758133,868
SHP0001,35.8651129167025,139.596429169178,869
SHP0001,35.8648846874328,139.596472084522,870
SHP0001,35.864723840138,139.596525728703,871
SHP0001,35.8645586456189,139.596592783928,872
SHP0001,35.864395624712,139.596665203571,873
SHP0001,35.864208694072,139.59677785635,874
SHP0001,35.8638587425251,139.597008526325,875
SHP0001,35.8637674508172,139.597094357014,876
SHP0001,35.8637174577391,139.597145318985,877
SHP0001,35.8633696798042,139.597534239292,878
SHP0001,35.8631153671894,139.597172141075,879
SHP0001,35.8629306101615,139.596944153309,880
SHP0001,35.8627849781513,139.59680467844,881
SHP0001,35.8626475553636,139.596700885052,882
