shape_id,shape_pt_lat,shape_pt_lon,shape_pt_sequence
SHP0001,35.9077557571584,139.70048500225,1
SHP0001,35.9082852570919,139.701147973537,2
SHP0001,35.9083352220804,139.701083600521,3
SHP0001,35.9083569459884,139.701054096222,4
SHP0001,35.9083873594596,139.701011180878,5
SHP0001,35.908493806609,139.700834155083,6
SHP0001,35.9085741850687,139.700635671616,7
SHP0001,35.9087479763329,139.700067043304,8
SHP0001,35.9087675278501,139.699999988079,9
SHP0001,35.9088218376202,139.699804186821,10
SHP0001,35.90895652585,139.699324071407,11
SHP0001,35.9090086632292,139.699077308178,12
SHP0001,35.9090651453901,139.698750078678,13
SHP0001,35.9091020760338,139.698320925236,14
SHP0001,35.9091694201487,139.697564542294,15
SHP0001,35.9091976612291,139.697299003601,16
SHP0001,35.9092128679647,139.69716489315,17
SHP0001,35.9092411090451,139.697028100491,18
SHP0001,35.9092932464244,139.69684034586,19
SHP0001,35.9089479478396,139.696528794455,20
SHP0001,35.9088978712983,139.696483612061,21
SHP0001,35.9088435615282,139.696421921253,22
SHP0001,35.9087798168673,139.696334258737,23
SHP0001,35.9085763574595,139.696054458618,24
SHP0001,35.9084872894366,139.695896208286,25
SHP0001,35.908404738586,139.695708453655,26
SHP0001,35.9083352220804,139.69553142786,27
SHP0001,35.9082787399195,139.695375859737,28
SHP0001,35.9081831547242,139.695145189762,29
SHP0001,35.908085397138,139.694954752922,30
SHP0001,35.9078920543566,139.694697260857,31
SHP0001,35.907755193736,139.69455242157,32
SHP0001,35.9075908899336,139.694363955545,33
SHP0001,35.9074184731615,139.694166183472,34
SHP0001,35.9072859573226,139.693986475468,35
SHP0001,35.9069144784953,139.693350791931,36
SHP0001,35.9068493067712,139.693251550198,37
SHP0001,35.9066754959623,139.692994058132,38
SHP0001,35.9063734996819,139.692519307137,39
SHP0001,35.9058694483362,139.691733419895,40
SHP0001,35.9058368588096,139.69166636467,41
SHP0001,35.9057781976616,139.691513478756,42
SHP0001,35.9057065007029,139.691269397736,43
SHP0001,35.9056847743518,139.691162109375,44
SHP0001,35.9056565300954,139.690979719162,45
SHP0001,35.9056413216496,139.690775871277,46
SHP0001,35.9056395647227,139.690506192305,47
SHP0001,35.9056384532233,139.690335583022,48
SHP0001,35.9056348037443,139.689775407314,49
SHP0001,35.9056304584741,139.689528644085,50
SHP0001,35.9056130773932,139.689276516438,51
SHP0001,35.9055674520558,139.688946604729,52
SHP0001,35.9054892371919,139.688597917557,53
SHP0001,35.9054626402113,139.688509174081,54
SHP0001,35.9054358839857,139.688419899268,55
SHP0001,35.9054088496928,139.688329696655,56
SHP0001,35.9051350976688,139.68766450882,57
SHP0001,35.9054848919216,139.687675237656,58
SHP0001,35.9060671581313,139.687720835209,59
SHP0001,35.9062887669126,139.687718153,60
SHP0001,35.9065103756939,139.687669873238,61
SHP0001,35.9067146033943,139.687575995922,62
SHP0001,35.9068493067712,139.687492847443,63
SHP0001,35.907129382673,139.687318233384,64
SHP0001,35.9072881297134,139.687219262123,65
SHP0001,35.9073598186099,139.68717366457,66
SHP0001,35.9075270927017,139.687063694,67
SHP0001,35.9075944368166,139.687018096447,68
SHP0001,35.9078138482877,139.686878621578,69
SHP0001,35.9081918442874,139.686610400677,70
SHP0001,35.9083352220804,139.68651920557,71
SHP0001,35.9083547735976,139.686505794525,72
SHP0001,35.9084764274825,139.686430692673,73
SHP0001,35.908680632218,139.686309993267,74
SHP0001,35.9088587682638,139.686210751534,75
SHP0001,35.9092193851371,139.686068594456,76
SHP0001,35.9091563858038,139.685725271702,77
SHP0001,35.9090629729993,139.684993028641,78
SHP0001,35.9091455238498,139.684904515743,79
SHP0001,35.9094713824703,139.684609472752,80
SHP0001,35.9096842767689,139.684421718121,81
SHP0001,35.9102034781708,139.684156179428,82
SHP0001,35.9101078929755,139.683402478695,83
SHP0001,35.9097733447918,139.683477580547,84
SHP0001,35.9096191050448,139.683547317982,85
SHP0001,35.9094062107462,139.683670699596,86
SHP0001,35.9090499386545,139.683963060379,87
SHP0001,35.9088718026087,139.684089124203,88
SHP0001,35.9089804221488,139.684598743916,89
SHP0001,35.9090242573397,139.684808112397,90
SHP0001,35.9090629729993,139.684993028641,91
SHP0001,35.9091563858038,139.685725271702,92
SHP0001,35.9092193851371,139.686068594456,93
SHP0001,35.9094199397293,139.68598400347,94
SHP0001,35.9095691400564,139.68592107296,95
SHP0001,35.9097909404799,139.685764918652,96
SHP0001,35.910079651895,139.685561656952,97
SHP0001,35.910377269435,139.685325622559,98
SHP0001,35.9106879213198,139.685092270374,99
SHP0001,35.9108508506301,139.684963524342,100
SHP0001,35.9110854688368,139.684732854366,101
SHP0001,35.9112831563998,139.684507548809,102
SHP0001,35.9115612224226,139.684250056744,103
SHP0001,35.9118448233255,139.683992588682,104
SHP0001,35.9120782514337,139.683780670166,105
SHP0001,35.9121238716405,139.683727025986,106
SHP0001,35.9121977329278,139.683681428432,107
SHP0001,35.9126104871804,139.683555364609,108
SHP0001,35.912901587548,139.683458805084,109
SHP0001,35.9131601020535,139.683332741261,110
SHP0001,35.9133056522373,139.683257639408,111
SHP0001,35.9133795135246,139.683217406273,112
SHP0001,35.9133404104901,139.682954549789,113
SHP0001,35.913308353173,139.682744919463,114
SHP0001,35.9132817559385,139.6825709939,115
SHP0001,35.9132437804215,139.682324978515,116
SHP0001,35.9131057922834,139.681431055069,117
SHP0001,35.9128711740767,139.680339396,118
SHP0001,35.9128624845135,139.68017578125,119
SHP0001,35.9128624845135,139.679971933365,120
SHP0001,35.9128624845135,139.679926335812,121
SHP0001,35.9128972427664,139.679770767689,122
SHP0001,35.9129385181916,139.679644703865,123
SHP0001,35.9130123794789,139.679473042488,124
SHP0001,35.9132578596396,139.679092168808,125
SHP0001,35.9133903754786,139.678807854652,126
SHP0001,35.9134273061223,139.678713977337,127
SHP0001,35.9134620643751,139.678633511066,128
SHP0001,35.9135334778099,139.678450867429,129
SHP0001,35.9136141317313,139.678244590759,130
SHP0001,35.9136672112461,139.678117047128,131
SHP0001,35.9138965425357,139.677565991879,132
SHP0001,35.9139074044897,139.677541851997,133
SHP0001,35.9139747486046,139.677324593067,134
SHP0001,35.9140572994551,139.676648676395,135
SHP0001,35.9140768509723,139.676396548748,136
SHP0001,35.9140790233631,139.676246345043,137
SHP0001,35.9140942300987,139.676039814949,138
SHP0001,35.9141376779148,139.675852060318,139
SHP0001,35.9142093668113,139.675677716732,140
SHP0001,35.9142354355009,139.675618708134,141
SHP0001,35.9142562765391,139.675589948809,142
SHP0001,35.9143092967882,139.675516784191,143
SHP0001,35.9144262886012,139.675335007518,144
SHP0001,35.9145026395697,139.675216376781,145
SHP0001,35.9145743284662,139.675071537495,146
SHP0001,35.9146134315006,139.674999117851,147
SHP0001,35.914619948673,139.674988389015,148
SHP0001,35.9146438449718,139.674924015999,149
SHP0001,35.9147437749488,139.674618244171,150
SHP0001,35.9148067742821,139.674454629421,151
SHP0001,35.9148806355694,139.67432320118,152
SHP0001,35.9149197386038,139.674269556999,153
SHP0001,35.9150174961899,139.674181044102,154
SHP0001,35.9151304605117,139.67407643795,155
SHP0001,35.9153694235,139.673888683319,156
SHP0001,35.9154628363045,139.673810899258,157
SHP0001,35.915491077385,139.673765301704,158
SHP0001,35.9155497319366,139.673609733582,159
SHP0001,35.9155651584715,139.673548111436,160
SHP0001,35.9155866625803,139.673462212086,161
SHP0001,35.9156372819557,139.673218169284,162
SHP0001,35.915677902994,139.673022329807,163
SHP0001,35.9157061440744,139.672858715057,164
SHP0001,35.9157387299365,139.672493934631,165
SHP0001,35.9157474194997,139.672451019287,166
SHP0001,35.9157691409644,139.672349095345,167
SHP0001,35.9159211912173,139.672019183636,168
SHP0001,35.9160971350814,139.671665132046,169
SHP0001,35.9161188565461,139.671587347984,170
SHP0001,35.9161340615714,139.671496152878,171
SHP0001,35.9161318894249,139.671402275562,172
SHP0001,35.9161036515208,139.671099185944,173
SHP0001,35.9160319706873,139.670372307301,174
SHP0001,35.9161101679602,139.6704018116,175
SHP0001,35.916668409603,139.670578837395,176
SHP0001,35.9167140246789,139.670594930649,177
SHP0001,35.9168786142862,139.670650640687,178
SHP0001,35.916965425549,139.67068002443,179
SHP0001,35.9171419375335,139.670739769936,180
SHP0001,35.9174981695546,139.670855104923,181
SHP0001,35.9178261636715,139.670962393284,182
SHP0001,35.9184604304408,139.671166241169,183
SHP0001,35.9186906779666,139.67124402523,184
SHP0001,35.9188181803852,139.671301861245,185
SHP0001,35.9190099834977,139.671388864517,186
SHP0001,35.9190534264271,139.671410322189,187
SHP0001,35.9191944789753,139.671480475787,188
SHP0001,35.9193662155188,139.671565890312,189
SHP0001,35.919824538424,139.671812653542,190
SHP0001,35.919894047111,139.671850204468,191
SHP0001,35.9200504416569,139.671933352947,192
SHP0001,35.9203610586021,139.672113060951,193
SHP0001,35.9203849522132,139.672126471996,194
SHP0001,35.920841102972,139.672373235226,195
SHP0001,35.9211473756242,139.672542214394,196
SHP0001,35.9213341802207,139.672657549381,197
SHP0001,35.9215970099435,139.672818481922,198
SHP0001,35.9217555766358,139.672931134701,199
SHP0001,35.9219173180695,139.673055713453,200
SHP0001,35.9219749634293,139.673100113869,201
SHP0001,35.9220871711337,139.673182834031,202
SHP0001,35.9222660310563,139.67331469059,203
SHP0001,35.9226461566886,139.673582911491,204
SHP0001,35.9227504197191,139.673660695553,205
SHP0001,35.9228438220173,139.673494398594,206
SHP0001,35.9229958722702,139.673247635365,207
SHP0001,35.9231587832555,139.672979414463,208
SHP0001,35.923197881892,139.672888219357,209
SHP0001,35.9233138302946,139.672616409886,210
SHP0001,35.9231936059015,139.672558307648,211
SHP0001,35.9232457354238,139.672397375107,212
SHP0001,35.9233129357255,139.672429459186,213
SHP0001,35.9233799343302,139.672461446967,214
SHP0001,35.9234759166401,139.672236442566,215
SHP0001,35.9234911216654,139.67219889164,216
SHP0001,35.9237735007065,139.671901166439,217
SHP0001,35.9238669030047,139.671807289124,218
SHP0001,35.9240167811112,139.671643674374,219
SHP0001,35.9240819455053,139.67157125473,220
SHP0001,35.9242144464399,139.671394228935,221
SHP0001,35.9242361679046,139.671364724636,222
SHP0001,35.9242904715664,139.671278893948,223
SHP0001,35.9243925624505,139.671096503735,224
SHP0001,35.9244186282081,139.671045541763,225
SHP0001,35.9245511291428,139.670753180981,226
SHP0001,35.924644531441,139.670611023903,227
SHP0001,35.9247379232318,139.670468866825,228
SHP0001,35.924857377848,139.670281112194,229
SHP0001,35.9249638010515,139.670066535473,230
SHP0001,35.9249876919747,139.669994115829,231
SHP0001,35.9250007233874,139.669994115829,232
SHP0001,35.925263523543,139.669961929321,233
SHP0001,35.9255654179366,139.669873416424,234
SHP0001,35.9256327469021,139.669841229916,235
SHP0001,35.9257804362457,139.66977417469,236
SHP0001,35.9258719587287,139.669722123026,237
SHP0001,35.9259455008063,139.669680297375,238
SHP0001,35.9260177029127,139.669646859897,239
SHP0001,35.9261018777584,139.669607877731,240
SHP0001,35.9263364431865,139.6694201231,241
SHP0001,35.9264602416069,139.669283330441,242
SHP0001,35.9265210548661,139.669189453125,243
SHP0001,35.9265340862787,139.669165313244,244
SHP0001,35.9269250286589,139.668462574482,245
SHP0001,35.9269967014286,139.668500125408,246
SHP0001,35.9270727180026,139.668540358543,247
SHP0001,35.927370268592,139.668698608875,248
SHP0001,35.9274766917955,139.668754935265,249
SHP0001,35.9277503514616,139.668854176998,250
SHP0001,35.9281369500376,139.668430387974,251
SHP0001,35.9282944765274,139.66830796277,252
SHP0001,35.9283888906827,139.668234586716,253
SHP0001,35.9286712379573,139.668011963367,254
SHP0001,35.9288971157769,139.667834937572,255
SHP0001,35.9291751192473,139.667614996433,256
SHP0001,35.9295247954874,139.667333364487,257
SHP0001,35.9297810799367,139.667156338692,258
SHP0001,35.9299157378676,139.66707855463,259
SHP0001,35.9299451111784,139.667075834018,260
SHP0001,35.9300026139521,139.667070508003,261
SHP0001,35.930059083407,139.667073190212,262
SHP0001,35.9301090371556,139.667062461376,263
SHP0001,35.9301524751979,139.667035639286,264
SHP0001,35.9302034758186,139.666999288722,265
SHP0001,35.9305325580675,139.666764736176,266
SHP0001,35.9306042308372,139.666676223278,267
SHP0001,35.9306129184457,139.666665494442,268
SHP0001,35.9309517351752,139.666273891926,269
SHP0001,35.9312232229392,139.66598957777,270
SHP0001,35.9314621321716,139.665742814541,271
SHP0001,35.9315424925498,139.665675759315,272
SHP0001,35.9316098215152,139.665646255016,273
SHP0001,35.9320778550217,139.66558014922,274
SHP0001,35.9321840585378,139.665565148866,275
SHP0001,35.9323504401355,139.665541648865,276
SHP0001,35.9331344967981,139.665442407131,277
SHP0001,35.9333343117924,139.665407538414,278
SHP0001,35.9334298754854,139.665383398533,279
SHP0001,35.9335406424931,139.665305614471,280
SHP0001,35.933549329124,139.665297567844,281
SHP0001,35.9337708382125,139.665077626705,282
SHP0001,35.9339119959649,139.664935469627,283
SHP0001,35.9342685124443,139.664587499468,284
SHP0001,35.9343571857995,139.664500951767,285
SHP0001,35.9345653887735,139.664285784628,286
SHP0001,35.934570008257,139.664281010628,287
SHP0001,35.9347350542445,139.664213955402,288
SHP0001,35.9349196451515,139.664026200771,289
SHP0001,35.9351585275018,139.66378480196,290
SHP0001,35.9350716611926,139.663251042366,291
SHP0001,35.935052116273,139.663095474243,292
SHP0001,35.9349652499638,139.662290811539,293
SHP0001,35.9349389146021,139.662092227237,294
SHP0001,35.9349143661736,139.661907117474,295
SHP0001,35.9348827269701,139.661668539047,296
SHP0001,35.9348588387351,139.661462008953,297
SHP0001,35.9349044435474,139.660853147507,298
SHP0001,35.9350499446153,139.660134315491,299
SHP0001,35.9350912061122,139.659943878651,300
SHP0001,35.9351476692131,139.659675657749,301
SHP0001,35.9351954456832,139.659461081028,302
SHP0001,35.935208997757,139.659396918187,303
SHP0001,35.935221505576,139.659337699413,304
SHP0001,35.9352323638646,139.659284055233,305
SHP0001,35.9352072145404,139.659040530194,306
SHP0001,35.9351780724214,139.658758342266,307
SHP0001,35.9351281242936,139.658331871033,308
SHP0001,35.9351216093204,139.658294320107,309
SHP0001,35.9351129226895,139.658203125,310
SHP0001,35.9350781761658,139.657908082008,311
SHP0001,35.9350390863267,139.657511115074,312
SHP0001,35.9350890344544,139.65719461441,313
SHP0001,35.935165042475,139.656738638878,314
SHP0001,35.9352779686769,139.65610563755,315
SHP0001,35.935373521617,139.655563831329,316
SHP0001,35.9354104397984,139.655499458313,317
SHP0001,35.9355537692086,139.655300974846,318
SHP0001,35.9352099465692,139.654865096019,319
SHP0001,35.9351073934797,139.654735085033,320
SHP0001,35.9350608029039,139.654676020145,321
SHP0001,35.934923988467,139.654490947723,322
SHP0001,35.9348610103928,139.654410481453,323
SHP0001,35.9347958606609,139.654346108437,324
SHP0001,35.934682934459,139.654252231121,325
SHP0001,35.9345070301829,139.654128849506,326
SHP0001,35.9341964831275,139.653949141502,327
SHP0001,35.9339315408845,139.653798937798,328
SHP0001,35.9338663911526,139.653753340244,329
SHP0001,35.933790383132,139.653697013855,330
SHP0001,35.9336392338486,139.653585003395,331
SHP0001,35.9335406424931,139.653511941433,332
SHP0001,35.9333343117924,139.653361737728,333
SHP0001,35.9330193859861,139.653136432171,334
SHP0001,35.9325650934222,139.6528576264,335
SHP0001,35.9323070020933,139.652699232101,336
SHP0001,35.9320094515039,139.652495384216,337
SHP0001,35.9319052002025,139.652414917946,338
SHP0001,35.9314860230948,139.652052819729,339
SHP0001,35.931373084185,139.651942849159,340
SHP0001,35.9310950807146,139.651650488377,341
SHP0001,35.9307627796914,139.651253521442,342
SHP0001,35.9305477613823,139.651001393795,343
SHP0001,35.9304912919274,139.650945067406,344
SHP0001,35.9303826968218,139.650861918926,345
SHP0001,35.9303023364436,139.650813639164,346
SHP0001,35.9302176322612,139.650781452656,347
SHP0001,35.9300265048754,139.650730490685,348
SHP0001,35.9299010222416,139.650706182316,349
SHP0001,35.929870249218,139.650564193726,350
SHP0001,35.9298411783694,139.650604893915,351
SHP0001,35.929870249218,139.650564193726,352
SHP0001,35.9299010222416,139.650706182316,353
SHP0001,35.9298049708599,139.65068757534,354
SHP0001,35.92978642638,139.650681548587,355
SHP0001,35.9297637047198,139.650674164295,356
SHP0001,35.9297354699923,139.650652706623,357
SHP0001,35.9297159228733,139.650625884533,358
SHP0001,35.9296963757543,139.650574922562,359
SHP0001,35.9294965607599,139.649998247623,360
SHP0001,35.9294813574452,139.649936556816,361
SHP0001,35.9293792780459,139.649998247623,362
SHP0001,35.9293445276121,139.650014340878,363
SHP0001,35.9292142134853,139.650081396103,364
SHP0001,35.9289774761551,139.650167226791,365
SHP0001,35.9287863487692,139.650236964226,366
SHP0001,35.928742910727,139.650255739689,367
SHP0001,35.9284062658996,139.650371074677,368
SHP0001,35.9281651847651,139.650456905365,369
SHP0001,35.9279545102602,139.650532007217,370
SHP0001,35.927737320049,139.65060710907,371
SHP0001,35.9276135216286,139.650650024414,372
SHP0001,35.9271791412061,139.650808274746,373
SHP0001,35.9269901857223,139.650880694389,374
SHP0001,35.9266187904611,139.651028215885,375
SHP0001,35.9262321918851,139.651207923889,376
SHP0001,35.9260866744436,139.651283025742,377
SHP0001,35.9259954545549,139.65134203434,378
SHP0001,35.9259085784704,139.651411771774,379
SHP0001,35.9258390776028,139.651484191418,380
SHP0001,35.9257326543993,139.651615619659,381
SHP0001,35.9254915732648,139.651910662651,382
SHP0001,35.9253907180047,139.652052230023,383
SHP0001,35.9253037522446,139.652174301138,384
SHP0001,35.9250941151782,139.652468562126,385
SHP0001,35.9250007233874,139.65259462595,386
SHP0001,35.924759642253,139.652908444405,387
SHP0001,35.924644531441,139.653072059155,388
SHP0001,35.9242752665411,139.653635323048,389
SHP0001,35.9239863710606,139.654104709625,390
SHP0001,35.9238104271965,139.654375612736,391
SHP0001,35.9236779262618,139.654533863068,392
SHP0001,35.9232022261849,139.655024707317,393
SHP0001,35.9235947647889,139.655580775566,394
SHP0001,35.9236301390395,139.655630886555,395
SHP0001,35.9237973943177,139.655872285366,396
SHP0001,35.9240776012123,139.656271934509,397
SHP0001,35.9245272355316,139.65689688921,398
SHP0001,35.9246314985622,139.657041728497,399
SHP0001,35.924644531441,139.65706050396,400
SHP0001,35.9250007233874,139.6575781703,401
SHP0001,35.9251983664796,139.657859802246,402
SHP0001,35.9254459633204,139.658203125,403
SHP0001,35.9255371832092,139.658331871033,404
SHP0001,35.9255652107779,139.658370604499,405
SHP0001,35.9255986629221,139.658416834606,406
SHP0001,35.9258108428753,139.658710062504,407
SHP0001,35.9258977189598,139.658836126328,408
SHP0001,35.9261127372689,139.659149944782,409
SHP0001,35.9264906482365,139.659697115421,410
SHP0001,35.9267078384477,139.659989476204,411
SHP0001,35.9267491045878,139.660051167011,412
SHP0001,35.9267143541541,139.660614430904,413
SHP0001,35.9267143541541,139.66106235981,414
SHP0001,35.9267360731752,139.661376178265,415
SHP0001,35.9267577921963,139.66152369976,416
SHP0001,35.9268207773575,139.661974310875,417
SHP0001,35.926849012085,139.662172794342,418
SHP0001,35.926849012085,139.662301540375,419
SHP0001,35.9268316368681,139.66245174408,420
SHP0001,35.9268055740428,139.662545621395,421
SHP0001,35.9267556202942,139.662671685219,422
SHP0001,35.9267078384477,139.662787020206,423
SHP0001,35.9266513689928,139.662934541702,424
SHP0001,35.92659707144,139.663041830063,425
SHP0001,35.9265427738872,139.663135707378,426
SHP0001,35.9263386150886,139.663409292698,427
SHP0001,35.9262744680685,139.663495152713,428
SHP0001,35.9259827655437,139.663885593035,429
SHP0001,35.9259759074359,139.66389477253,430
SHP0001,35.9259237817852,139.663977921009,431
SHP0001,35.9258455933091,139.664125442505,432
SHP0001,35.9257912957563,139.664281010628,433
SHP0001,35.9256609816296,139.664812088013,434
SHP0001,35.9256349188042,139.664951562881,435
SHP0001,35.9256088559789,139.665099084377,436
SHP0001,35.9255936526641,139.665372669697,437
SHP0001,35.9255958245662,139.665573835373,438
SHP0001,35.9255958245662,139.665648937225,439
SHP0001,35.9255979964683,139.66569185257,440
SHP0001,35.9256175435873,139.665860831738,441
SHP0001,35.9256609816296,139.666070044041,442
SHP0001,35.9257500296162,139.66639727354,443
SHP0001,35.9257774428117,139.666503067788,444
SHP0001,35.9258195304838,139.666665494442,445
SHP0001,35.9258678948841,139.666861582686,446
SHP0001,35.9259346412957,139.667132198811,447
SHP0001,35.926095362052,139.667663276196,448
SHP0001,35.9261670348217,139.6678134799,449
SHP0001,35.9262321918851,139.667920768261,450
SHP0001,35.9262864894379,139.667990505695,451
SHP0001,35.9263559903055,139.66806024313,452
SHP0001,35.9265666648104,139.668231904507,453
SHP0001,35.9266318218738,139.66827750206,454
SHP0001,35.9267621360005,139.668363332748,455
SHP0001,35.9269250286589,139.668462574482,456
SHP0001,35.9269967014286,139.668500125408,457
SHP0001,35.9270727180026,139.668540358543,458
SHP0001,35.927370268592,139.668698608875,459
SHP0001,35.9274766917955,139.668754935265,460
SHP0001,35.9277503514616,139.668854176998,461
SHP0001,35.9277851018954,139.668867588043,462
SHP0001,35.9281369500376,139.66895878315,463
SHP0001,35.9283128741087,139.669001698494,464
SHP0001,35.928627799915,139.669111669064,465
SHP0001,35.9287776611608,139.669189453125,466
SHP0001,35.9287928644755,139.669197499752,467
SHP0001,35.9288906000706,139.669275283813,468
SHP0001,35.9293471205899,139.669622925363,469
SHP0001,35.9297007195585,139.669892191887,470
SHP0001,35.9297246104817,139.669908285141,471
SHP0001,35.9301980851422,139.67029184103,472
SHP0001,35.9303609778006,139.670407176018,473
SHP0001,35.9306433250753,139.670635163784,474
SHP0001,35.9306976226281,139.670688807964,475
SHP0001,35.9307388887682,139.6707290411,476
SHP0001,35.9307953582231,139.670788049698,477
SHP0001,35.9308865781118,139.670884609222,478
SHP0001,35.9312101915266,139.671203792095,479
SHP0001,35.9314556164653,139.671445190907,480
SHP0001,35.9315555239624,139.671533703804,481
SHP0001,35.9318163366015,139.671759616109,482
SHP0001,35.9318682778666,139.671804606915,483
SHP0001,35.9319229699561,139.671852500661,484
SHP0001,35.932107187099,139.672013819218,485
SHP0001,35.9324242848074,139.672284722328,486
SHP0001,35.932107187099,139.672705829144,487
SHP0001,35.9317184166209,139.673228859901,488
SHP0001,35.9315359768434,139.673475623131,489
SHP0001,35.9314621321716,139.673572182655,490
SHP0001,35.9311819567991,139.67393964529,491
SHP0001,35.9310581583787,139.674087166786,492
SHP0001,35.9309642064529,139.674215499382,493
SHP0001,35.9309148128393,139.674282968044,494
SHP0001,35.9306976226281,139.674575328827,495
SHP0001,35.9306020589351,139.674717485905,496
SHP0001,35.9305151828506,139.674843549728,497
SHP0001,35.9304217910598,139.674999117851,498
SHP0001,35.9303073491,139.675180829231,499
SHP0001,35.9303001645415,139.6751922369,500
SHP0001,35.9299526602035,139.675801098347,501
SHP0001,35.9298245179789,139.676042497158,502
SHP0001,35.9297246104817,139.676230251789,503
SHP0001,35.9293032614719,139.676978588104,504
SHP0001,35.9291208216945,139.67726290226,505
SHP0001,35.9290100546868,139.677405059338,506
SHP0001,35.9285669866559,139.677925407887,507
SHP0001,35.9279589151278,139.677484447105,508
SHP0001,35.9278198523292,139.677383601665,509
SHP0001,35.9275592240757,139.677195847034,510
SHP0001,35.9273333462561,139.677037596703,511
SHP0001,35.9272595015842,139.676983952522,512
SHP0001,35.9270567723453,139.67683725592,513
SHP0001,35.9267034946435,139.67658162117,514
SHP0001,35.9265471176914,139.6764716506,515
SHP0001,35.9254003533761,139.675613343716,516
SHP0001,35.9252135697944,139.675476551056,517
SHP0001,35.9250711692757,139.675372471397,518
SHP0001,35.9250007233874,139.675320982933,519
SHP0001,35.9249942076811,139.675315618515,520
SHP0001,35.9249051596945,139.675251245499,521
SHP0001,35.9248725811628,139.675227105618,522
SHP0001,35.924644531441,139.675050079823,523
SHP0001,35.924575022754,139.674999117851,524
SHP0001,35.9239581331565,139.674548506737,525
SHP0001,35.9237430906559,139.674400985241,526
SHP0001,35.9236127618677,139.674307107925,527
SHP0001,35.9234932938119,139.674215912819,528
SHP0001,35.9233282106802,139.674092531204,529
SHP0001,35.9228590270426,139.673741161823,530
SHP0001,35.9227504197191,139.673660695553,531
SHP0001,35.9228438220173,139.673494398594,532
SHP0001,35.9229958722702,139.673247635365,533
SHP0001,35.9231587832555,139.672979414463,534
SHP0001,35.923197881892,139.672888219357,535
SHP0001,35.9233138302946,139.672616409886,536
SHP0001,35.9231936059015,139.672558307648,537
SHP0001,35.9232457354238,139.672397375107,538
SHP0001,35.9233129357255,139.672429459186,539
SHP0002,35.9233129357255,139.672429459186,1
SHP0002,35.9233799343302,139.672461446967,2
SHP0002,35.9233138302946,139.672616409886,3
SHP0002,35.923197881892,139.672888219357,4
SHP0002,35.9231587832555,139.672979414463,5
SHP0002,35.9229958722702,139.673247635365,6
SHP0002,35.9228438220173,139.673494398594,7
SHP0002,35.9227504197191,139.673660695553,8
SHP0002,35.9228590270426,139.673741161823,9
SHP0002,35.9233282106802,139.674092531204,10
SHP0002,35.9234932938119,139.674215912819,11
SHP0002,35.9236127618677,139.674307107925,12
SHP0002,35.9237430906559,139.674400985241,13
SHP0002,35.9239581331565,139.674548506737,14
SHP0002,35.924575022754,139.674999117851,15
SHP0002,35.924644531441,139.675050079823,16
SHP0002,35.9248725811628,139.675227105618,17
SHP0002,35.9249051596945,139.675251245499,18
SHP0002,35.9249942076811,139.675315618515,19
SHP0002,35.9250007233874,139.675320982933,20
SHP0002,35.9250711692757,139.675372471397,21
SHP0002,35.9252135697944,139.675476551056,22
SHP0002,35.9254003533761,139.675613343716,23
SHP0002,35.9265471176914,139.6764716506,24
SHP0002,35.9267034946435,139.67658162117,25
SHP0002,35.9270567723453,139.67683725592,26
SHP0002,35.9272595015842,139.676983952522,27
SHP0002,35.9273333462561,139.677037596703,28
SHP0002,35.9275592240757,139.677195847034,29
SHP0002,35.9278198523292,139.677383601665,30
SHP0002,35.9279589151278,139.677484447105,31
SHP0002,35.9285669866559,139.677925407887,32
SHP0002,35.9290100546868,139.677405059338,33
SHP0002,35.9291208216945,139.67726290226,34
SHP0002,35.9293032614719,139.676978588104,35
SHP0002,35.9297246104817,139.676230251789,36
SHP0002,35.9298245179789,139.676042497158,37
SHP0002,35.9299526602035,139.675801098347,38
SHP0002,35.9303001645415,139.6751922369,39
SHP0002,35.9303073491,139.675180829231,40
SHP0002,35.9304217910598,139.674999117851,41
SHP0002,35.9305151828506,139.674843549728,42
SHP0002,35.9306020589351,139.674717485905,43
SHP0002,35.9306976226281,139.674575328827,44
SHP0002,35.9309148128393,139.674282968044,45
SHP0002,35.9309642064529,139.674215499382,46
SHP0002,35.9310581583787,139.674087166786,47
SHP0002,35.9311819567991,139.67393964529,48
SHP0002,35.9314621321716,139.673572182655,49
SHP0002,35.9315359768434,139.673475623131,50
SHP0002,35.9317184166209,139.673228859901,51
SHP0002,35.932107187099,139.672705829144,52
SHP0002,35.9324242848074,139.672284722328,53
SHP0002,35.932107187099,139.672013819218,54
SHP0002,35.9319229699561,139.671852500661,55
SHP0002,35.9318682778666,139.671804606915,56
SHP0002,35.9318163366015,139.671759616109,57
SHP0002,35.9315555239624,139.671533703804,58
SHP0002,35.9314556164653,139.671445190907,59
SHP0002,35.9312101915266,139.671203792095,60
SHP0002,35.9308865781118,139.670884609222,61
SHP0002,35.9307953582231,139.670788049698,62
SHP0002,35.9307388887682,139.6707290411,63
SHP0002,35.9306976226281,139.670688807964,64
SHP0002,35.9306433250753,139.670635163784,65
SHP0002,35.9303609778006,139.670407176018,66
SHP0002,35.9301980851422,139.67029184103,67
SHP0002,35.9297246104817,139.669908285141,68
SHP0002,35.9297007195585,139.669892191887,69
SHP0002,35.9293471205899,139.669622925363,70
SHP0002,35.9288906000706,139.669275283813,71
SHP0002,35.9287928644755,139.669197499752,72
SHP0002,35.9287776611608,139.669189453125,73
SHP0002,35.928627799915,139.669111669064,74
SHP0002,35.9283128741087,139.669001698494,75
SHP0002,35.9281369500376,139.66895878315,76
SHP0002,35.9277851018954,139.668867588043,77
SHP0002,35.9277503514616,139.668854176998,78
SHP0002,35.9274766917955,139.668754935265,79
SHP0002,35.927370268592,139.668698608875,80
SHP0002,35.9270727180026,139.668540358543,81
SHP0002,35.9269967014286,139.668500125408,82
SHP0002,35.9269250286589,139.668462574482,83
SHP0002,35.9267621360005,139.668363332748,84
SHP0002,35.9266318218738,139.66827750206,85
SHP0002,35.9265666648104,139.668231904507,86
SHP0002,35.9263559903055,139.66806024313,87
SHP0002,35.9262864894379,139.667990505695,88
SHP0002,35.9262321918851,139.667920768261,89
SHP0002,35.9261670348217,139.6678134799,90
SHP0002,35.926095362052,139.667663276196,91
SHP0002,35.9259346412957,139.667132198811,92
SHP0002,35.9258678948841,139.666861582686,93
SHP0002,35.9258195304838,139.666665494442,94
SHP0002,35.9257774428117,139.666503067788,95
SHP0002,35.9257500296162,139.66639727354,96
SHP0002,35.9256609816296,139.666070044041,97
SHP0002,35.9256175435873,139.665860831738,98
SHP0002,35.9255979964683,139.66569185257,99
SHP0002,35.9255958245662,139.665648937225,100
SHP0002,35.9255958245662,139.665573835373,101
SHP0002,35.9255936526641,139.665372669697,102
SHP0002,35.9256088559789,139.665099084377,103
SHP0002,35.9256349188042,139.664951562881,104
SHP0002,35.9256609816296,139.664812088013,105
SHP0002,35.9257912957563,139.664281010628,106
SHP0002,35.9258455933091,139.664125442505,107
SHP0002,35.9259237817852,139.663977921009,108
SHP0002,35.9259759074359,139.66389477253,109
SHP0002,35.9259827655437,139.663885593035,110
SHP0002,35.9262744680685,139.663495152713,111
SHP0002,35.9263386150886,139.663409292698,112
SHP0002,35.9265427738872,139.663135707378,113
SHP0002,35.92659707144,139.663041830063,114
SHP0002,35.9266513689928,139.662934541702,115
SHP0002,35.9267078384477,139.662787020206,116
SHP0002,35.9267556202942,139.662671685219,117
SHP0002,35.9268055740428,139.662545621395,118
SHP0002,35.9268316368681,139.66245174408,119
SHP0002,35.926849012085,139.662301540375,120
SHP0002,35.926849012085,139.662172794342,121
SHP0002,35.9268207773575,139.661974310875,122
SHP0002,35.9267577921963,139.66152369976,123
SHP0002,35.9267360731752,139.661376178265,124
SHP0002,35.9267143541541,139.66106235981,125
SHP0002,35.9267143541541,139.660614430904,126
SHP0002,35.9267491045878,139.660051167011,127
SHP0002,35.9267078384477,139.659989476204,128
SHP0002,35.9264906482365,139.659697115421,129
SHP0002,35.9261127372689,139.659149944782,130
SHP0002,35.9258977189598,139.658836126328,131
SHP0002,35.9258108428753,139.658710062504,132
SHP0002,35.9255986629221,139.658416834606,133
SHP0002,35.9255652107779,139.658370604499,134
SHP0002,35.9255371832092,139.658331871033,135
SHP0002,35.9254459633204,139.658203125,136
SHP0002,35.9251983664796,139.657859802246,137
SHP0002,35.9250007233874,139.6575781703,138
SHP0002,35.924644531441,139.65706050396,139
SHP0002,35.9246314985622,139.657041728497,140
SHP0002,35.9245272355316,139.65689688921,141
SHP0002,35.9240776012123,139.656271934509,142
SHP0002,35.9237973943177,139.655872285366,143
SHP0002,35.9236301390395,139.655630886555,144
SHP0002,35.9235947647889,139.655580775566,145
SHP0002,35.9232022261849,139.655024707317,146
SHP0002,35.9236779262618,139.654533863068,147
SHP0002,35.9238104271965,139.654375612736,148
SHP0002,35.9239863710606,139.654104709625,149
SHP0002,35.9242752665411,139.653635323048,150
SHP0002,35.924644531441,139.653072059155,151
SHP0002,35.924759642253,139.652908444405,152
SHP0002,35.9250007233874,139.65259462595,153
SHP0002,35.9250941151782,139.652468562126,154
SHP0002,35.9253037522446,139.652174301138,155
SHP0002,35.9253907180047,139.652052230023,156
SHP0002,35.9254915732648,139.651910662651,157
SHP0002,35.9257326543993,139.651615619659,158
SHP0002,35.9258390776028,139.651484191418,159
SHP0002,35.9259085784704,139.651411771774,160
SHP0002,35.9259954545549,139.65134203434,161
SHP0002,35.9260866744436,139.651283025742,162
SHP0002,35.9262321918851,139.651207923889,163
SHP0002,35.9266187904611,139.651028215885,164
SHP0002,35.9269901857223,139.650880694389,165
SHP0002,35.9271791412061,139.650808274746,166
SHP0002,35.9276135216286,139.650650024414,167
SHP0002,35.927737320049,139.65060710907,168
SHP0002,35.9279545102602,139.650532007217,169
SHP0002,35.9281651847651,139.650456905365,170
SHP0002,35.9284062658996,139.650371074677,171
SHP0002,35.928742910727,139.650255739689,172
SHP0002,35.9287863487692,139.650236964226,173
SHP0002,35.9289774761551,139.650167226791,174
SHP0002,35.9292142134853,139.650081396103,175
SHP0002,35.9293445276121,139.650014340878,176
SHP0002,35.9293792780459,139.649998247623,177
SHP0002,35.9294813574452,139.649936556816,178
SHP0002,35.9294965607599,139.649998247623,179
SHP0002,35.9296963757543,139.650574922562,180
SHP0002,35.9297159228733,139.650625884533,181
SHP0002,35.9297354699923,139.650652706623,182
SHP0002,35.9297637047198,139.650674164295,183
SHP0002,35.92978642638,139.650681548587,184
SHP0002,35.9298049708599,139.65068757534,185
SHP0002,35.9299010222416,139.650706182316,186
SHP0002,35.929870249218,139.650564193726,187
SHP0002,35.9298411783694,139.650604893915,188
SHP0002,35.929870249218,139.650564193726,189
SHP0002,35.9299010222416,139.650706182316,190
SHP0002,35.9300265048754,139.650730490685,191
SHP0002,35.9302176322612,139.650781452656,192
SHP0002,35.9303023364436,139.650813639164,193
SHP0002,35.9303826968218,139.650861918926,194
SHP0002,35.9304912919274,139.650945067406,195
SHP0002,35.9305477613823,139.651001393795,196
SHP0002,35.9307627796914,139.651253521442,197
SHP0002,35.9310950807146,139.651650488377,198
SHP0002,35.931373084185,139.651942849159,199
SHP0002,35.9314860230948,139.652052819729,200
SHP0002,35.9319052002025,139.652414917946,201
SHP0002,35.9320094515039,139.652495384216,202
SHP0002,35.9323070020933,139.652699232101,203
SHP0002,35.9325650934222,139.6528576264,204
SHP0002,35.9330193859861,139.653136432171,205
SHP0002,35.9333343117924,139.653361737728,206
SHP0002,35.9335406424931,139.653511941433,207
SHP0002,35.9336392338486,139.653585003395,208
SHP0002,35.933790383132,139.653697013855,209
SHP0002,35.9338663911526,139.653753340244,210
SHP0002,35.9339315408845,139.653798937798,211
SHP0002,35.9341964831275,139.653949141502,212
SHP0002,35.9345070301829,139.654128849506,213
SHP0002,35.934682934459,139.654252231121,214
SHP0002,35.9347958606609,139.654346108437,215
SHP0002,35.9348610103928,139.654410481453,216
SHP0002,35.934923988467,139.654490947723,217
SHP0002,35.9350608029039,139.654676020145,218
SHP0002,35.9351073934797,139.654735085033,219
SHP0002,35.9352099465692,139.654865096019,220
SHP0002,35.9355537692086,139.655300974846,221
SHP0002,35.9354104397984,139.655499458313,222
SHP0002,35.935373521617,139.655563831329,223
SHP0002,35.9352779686769,139.65610563755,224
SHP0002,35.935165042475,139.656738638878,225
SHP0002,35.9350890344544,139.65719461441,226
SHP0002,35.9350390863267,139.657511115074,227
SHP0002,35.9350781761658,139.657908082008,228
SHP0002,35.9351129226895,139.658203125,229
SHP0002,35.9351216093204,139.658294320107,230
SHP0002,35.9351281242936,139.658331871033,231
SHP0002,35.9351780724214,139.658758342266,232
SHP0002,35.9352072145404,139.659040530194,233
SHP0002,35.9352323638646,139.659284055233,234
SHP0002,35.935221505576,139.659337699413,235
SHP0002,35.935208997757,139.659396918187,236
SHP0002,35.9351954456832,139.659461081028,237
SHP0002,35.9351476692131,139.659675657749,238
SHP0002,35.9350912061122,139.659943878651,239
SHP0002,35.9350499446153,139.660134315491,240
SHP0002,35.9349044435474,139.660853147507,241
SHP0002,35.9348588387351,139.661462008953,242
SHP0002,35.9348827269701,139.661668539047,243
SHP0002,35.9349143661736,139.661907117474,244
SHP0002,35.9349389146021,139.662092227237,245
SHP0002,35.9349652499638,139.662290811539,246
SHP0002,35.935052116273,139.663095474243,247
SHP0002,35.9350716611926,139.663251042366,248
SHP0002,35.9351585275018,139.66378480196,249
SHP0002,35.9349196451515,139.664026200771,250
SHP0002,35.9347350542445,139.664213955402,251
SHP0002,35.934570008257,139.664281010628,252
SHP0002,35.9345653887735,139.664285784628,253
SHP0002,35.9343571857995,139.664500951767,254
SHP0002,35.9342685124443,139.664587499468,255
SHP0002,35.9339119959649,139.664935469627,256
SHP0002,35.9337708382125,139.665077626705,257
SHP0002,35.933549329124,139.665297567844,258
SHP0002,35.9335406424931,139.665305614471,259
SHP0002,35.9334298754854,139.665383398533,260
SHP0002,35.9333343117924,139.665407538414,261
SHP0002,35.9331344967981,139.665442407131,262
SHP0002,35.9323504401355,139.665541648865,263
SHP0002,35.9321840585378,139.665565148866,264
SHP0002,35.9320778550217,139.66558014922,265
SHP0002,35.9316098215152,139.665646255016,266
SHP0002,35.9315424925498,139.665675759315,267
SHP0002,35.9314621321716,139.665742814541,268
SHP0002,35.9312232229392,139.66598957777,269
SHP0002,35.9309517351752,139.666273891926,270
SHP0002,35.9306129184457,139.666665494442,271
SHP0002,35.9306042308372,139.666676223278,272
SHP0002,35.9305325580675,139.666764736176,273
SHP0002,35.9302034758186,139.666999288722,274
SHP0002,35.9301524751979,139.667035639286,275
SHP0002,35.9301090371556,139.667062461376,276
SHP0002,35.930059083407,139.667073190212,277
SHP0002,35.9300026139521,139.667070508003,278
SHP0002,35.9299451111784,139.667075834018,279
SHP0002,35.9299157378676,139.66707855463,280
SHP0002,35.9297810799367,139.667156338692,281
SHP0002,35.9295247954874,139.667333364487,282
SHP0002,35.9291751192473,139.667614996433,283
SHP0002,35.9288971157769,139.667834937572,284
SHP0002,35.9286712379573,139.668011963367,285
SHP0002,35.9283888906827,139.668234586716,286
SHP0002,35.9282944765274,139.66830796277,287
SHP0002,35.9281369500376,139.668430387974,288
SHP0002,35.9277503514616,139.668854176998,289
SHP0002,35.9274766917955,139.668754935265,290
SHP0002,35.927370268592,139.668698608875,291
SHP0002,35.9270727180026,139.668540358543,292
SHP0002,35.9269967014286,139.668500125408,293
SHP0002,35.9269250286589,139.668462574482,294
SHP0002,35.9265340862787,139.669165313244,295
SHP0002,35.9265210548661,139.669189453125,296
SHP0002,35.9264602416069,139.669283330441,297
SHP0002,35.9263364431865,139.6694201231,298
SHP0002,35.9261018777584,139.669607877731,299
SHP0002,35.9260177029127,139.669646859897,300
SHP0002,35.9259455008063,139.669680297375,301
SHP0002,35.9258719587287,139.669722123026,302
SHP0002,35.9257804362457,139.66977417469,303
SHP0002,35.9256327469021,139.669841229916,304
SHP0002,35.9255654179366,139.669873416424,305
SHP0002,35.925263523543,139.669961929321,306
SHP0002,35.9250007233874,139.669994115829,307
SHP0002,35.9249876919747,139.669994115829,308
SHP0002,35.9249638010515,139.670066535473,309
SHP0002,35.924857377848,139.670281112194,310
SHP0002,35.9247379232318,139.670468866825,311
SHP0002,35.924644531441,139.670611023903,312
SHP0002,35.9245511291428,139.670753180981,313
SHP0002,35.9244186282081,139.671045541763,314
SHP0002,35.9243925624505,139.671096503735,315
SHP0002,35.9242904715664,139.671278893948,316
SHP0002,35.9242361679046,139.671364724636,317
SHP0002,35.9242144464399,139.671394228935,318
SHP0002,35.9240819455053,139.67157125473,319
SHP0002,35.9240167811112,139.671643674374,320
SHP0002,35.9238669030047,139.671807289124,321
SHP0002,35.9237735007065,139.671901166439,322
SHP0002,35.9234911216654,139.67219889164,323
SHP0002,35.9234759166401,139.672236442566,324
SHP0002,35.9233799343302,139.672461446967,325
SHP0002,35.9233138302946,139.672616409886,326
SHP0002,35.9231936059015,139.672558307648,327
SHP0002,35.9232457354238,139.672397375107,328
SHP0002,35.9233129357255,139.672429459186,329
SHP0002,35.9233799343302,139.672461446967,330
SHP0002,35.9233138302946,139.672616409886,331
SHP0002,35.923197881892,139.672888219357,332
SHP0002,35.9231587832555,139.672979414463,333
SHP0002,35.9229958722702,139.673247635365,334
SHP0002,35.9228438220173,139.673494398594,335
SHP0002,35.9227504197191,139.673660695553,336
SHP0002,35.9226461566886,139.673582911491,337
SHP0002,35.9222660310563,139.67331469059,338
SHP0002,35.9220871711337,139.673182834031,339
SHP0002,35.9219749634293,139.673100113869,340
SHP0002,35.9219173180695,139.673055713453,341
SHP0002,35.9217555766358,139.672931134701,342
SHP0002,35.9215970099435,139.672818481922,343
SHP0002,35.9213341802207,139.672657549381,344
SHP0002,35.9211473756242,139.672542214394,345
SHP0002,35.920841102972,139.672373235226,346
SHP0002,35.9203849522132,139.672126471996,347
SHP0002,35.9203610586021,139.672113060951,348
SHP0002,35.9200504416569,139.671933352947,349
SHP0002,35.919894047111,139.671850204468,350
SHP0002,35.919824538424,139.671812653542,351
SHP0002,35.9193662155188,139.671565890312,352
SHP0002,35.9191944789753,139.671480475787,353
SHP0002,35.9190534264271,139.671410322189,354
SHP0002,35.9190099834977,139.671388864517,355
SHP0002,35.9188181803852,139.671301861245,356
SHP0002,35.9186906779666,139.67124402523,357
SHP0002,35.9184604304408,139.671166241169,358
SHP0002,35.9178261636715,139.670962393284,359
SHP0002,35.9174981695546,139.670855104923,360
SHP0002,35.9171419375335,139.670739769936,361
SHP0002,35.916965425549,139.67068002443,362
SHP0002,35.9168786142862,139.670650640687,363
SHP0002,35.9167140246789,139.670594930649,364
SHP0002,35.916668409603,139.670578837395,365
SHP0002,35.9161101679602,139.6704018116,366
SHP0002,35.9160319706873,139.670372307301,367
SHP0002,35.9161036515208,139.671099185944,368
SHP0002,35.9161318894249,139.671402275562,369
SHP0002,35.9161340615714,139.671496152878,370
SHP0002,35.9161188565461,139.671587347984,371
SHP0002,35.9160971350814,139.671665132046,372
SHP0002,35.9159211912173,139.672019183636,373
SHP0002,35.9157691409644,139.672349095345,374
SHP0002,35.9157474194997,139.672451019287,375
SHP0002,35.9157387299365,139.672493934631,376
SHP0002,35.9157061440744,139.672858715057,377
SHP0002,35.915677902994,139.673022329807,378
SHP0002,35.9156372819557,139.673218169284,379
SHP0002,35.9155866625803,139.673462212086,380
SHP0002,35.9155651584715,139.673548111436,381
SHP0002,35.9155497319366,139.673609733582,382
SHP0002,35.915491077385,139.673765301704,383
SHP0002,35.9154628363045,139.673810899258,384
SHP0002,35.9153694235,139.673888683319,385
SHP0002,35.9151304605117,139.67407643795,386
SHP0002,35.9150174961899,139.674181044102,387
SHP0002,35.9149197386038,139.674269556999,388
SHP0002,35.9148806355694,139.67432320118,389
SHP0002,35.9148067742821,139.674454629421,390
SHP0002,35.9147437749488,139.674618244171,391
SHP0002,35.9146438449718,139.674924015999,392
SHP0002,35.914619948673,139.674988389015,393
SHP0002,35.9146134315006,139.674999117851,394
SHP0002,35.9145743284662,139.675071537495,395
SHP0002,35.9145026395697,139.675216376781,396
SHP0002,35.9144262886012,139.675335007518,397
SHP0002,35.9143092967882,139.675516784191,398
SHP0002,35.9142562765391,139.675589948809,399
SHP0002,35.9142354355009,139.675618708134,400
SHP0002,35.9142093668113,139.675677716732,401
SHP0002,35.9141376779148,139.675852060318,402
SHP0002,35.9140942300987,139.676039814949,403
SHP0002,35.9140790233631,139.676246345043,404
SHP0002,35.9140768509723,139.676396548748,405
SHP0002,35.9140572994551,139.676648676395,406
SHP0002,35.9139747486046,139.677324593067,407
SHP0002,35.9139074044897,139.677541851997,408
SHP0002,35.9138965425357,139.677565991879,409
SHP0002,35.9136672112461,139.678117047128,410
SHP0002,35.9136141317313,139.678244590759,411
SHP0002,35.9135334778099,139.678450867429,412
SHP0002,35.9134620643751,139.678633511066,413
SHP0002,35.9134273061223,139.678713977337,414
SHP0002,35.9133903754786,139.678807854652,415
SHP0002,35.9132578596396,139.679092168808,416
SHP0002,35.9130123794789,139.679473042488,417
SHP0002,35.9129385181916,139.679644703865,418
SHP0002,35.9128972427664,139.679770767689,419
SHP0002,35.9128624845135,139.679926335812,420
SHP0002,35.9128624845135,139.679971933365,421
SHP0002,35.9128624845135,139.68017578125,422
SHP0002,35.9128711740767,139.680339396,423
SHP0002,35.9131057922834,139.681431055069,424
SHP0002,35.9132437804215,139.682324978515,425
SHP0002,35.9132817559385,139.6825709939,426
SHP0002,35.913308353173,139.682744919463,427
SHP0002,35.9133404104901,139.682954549789,428
SHP0002,35.9133795135246,139.683217406273,429
SHP0002,35.9133056522373,139.683257639408,430
SHP0002,35.9131601020535,139.683332741261,431
SHP0002,35.912901587548,139.683458805084,432
SHP0002,35.9126104871804,139.683555364609,433
SHP0002,35.9121977329278,139.683681428432,434
SHP0002,35.9121238716405,139.683727025986,435
SHP0002,35.9120782514337,139.683780670166,436
SHP0002,35.9118448233255,139.683992588682,437
SHP0002,35.9115612224226,139.684250056744,438
SHP0002,35.9112831563998,139.684507548809,439
SHP0002,35.9110854688368,139.684732854366,440
SHP0002,35.9108508506301,139.684963524342,441
SHP0002,35.9106879213198,139.685092270374,442
SHP0002,35.910377269435,139.685325622559,443
SHP0002,35.910079651895,139.685561656952,444
SHP0002,35.9097909404799,139.685764918652,445
SHP0002,35.9095691400564,139.68592107296,446
SHP0002,35.9094199397293,139.68598400347,447
SHP0002,35.9092193851371,139.686068594456,448
SHP0002,35.9091563858038,139.685725271702,449
SHP0002,35.9090629729993,139.684993028641,450
SHP0002,35.9091455238498,139.684904515743,451
SHP0002,35.9094713824703,139.684609472752,452
SHP0002,35.9096842767689,139.684421718121,453
SHP0002,35.9102034781708,139.684156179428,454
SHP0002,35.9101078929755,139.683402478695,455
SHP0002,35.9097733447918,139.683477580547,456
SHP0002,35.9096191050448,139.683547317982,457
SHP0002,35.9094062107462,139.683670699596,458
SHP0002,35.9090499386545,139.683963060379,459
SHP0002,35.9088718026087,139.684089124203,460
SHP0002,35.9089804221488,139.684598743916,461
SHP0002,35.9090242573397,139.684808112397,462
SHP0002,35.9090629729993,139.684993028641,463
SHP0002,35.9091563858038,139.685725271702,464
SHP0002,35.9092193851371,139.686068594456,465
SHP0002,35.9088587682638,139.686210751534,466
SHP0002,35.908680632218,139.686309993267,467
SHP0002,35.9084764274825,139.686430692673,468
SHP0002,35.9083547735976,139.686505794525,469
SHP0002,35.9083352220804,139.68651920557,470
SHP0002,35.9081918442874,139.686610400677,471
SHP0002,35.9078138482877,139.686878621578,472
SHP0002,35.9075944368166,139.687018096447,473
SHP0002,35.9075270927017,139.687063694,474
SHP0002,35.9073598186099,139.68717366457,475
SHP0002,35.9072881297134,139.687219262123,476
SHP0002,35.907129382673,139.687318233384,477
SHP0002,35.9068493067712,139.687492847443,478
SHP0002,35.9067146033943,139.687575995922,479
SHP0002,35.9065103756939,139.687669873238,480
SHP0002,35.9062887669126,139.687718153,481
SHP0002,35.9060671581313,139.687720835209,482
SHP0002,35.9054848919216,139.687675237656,483
SHP0002,35.9051350976688,139.68766450882,484
SHP0002,35.9054088496928,139.688329696655,485
SHP0002,35.9054358839857,139.688419899268,486
SHP0002,35.9054626402113,139.688509174081,487
SHP0002,35.9054892371919,139.688597917557,488
SHP0002,35.9055674520558,139.688946604729,489
SHP0002,35.9056130773932,139.689276516438,490
SHP0002,35.9056304584741,139.689528644085,491
SHP0002,35.9056348037443,139.689775407314,492
SHP0002,35.9056384532233,139.690335583022,493
SHP0002,35.9056395647227,139.690506192305,494
SHP0002,35.9056413216496,139.690775871277,495
SHP0002,35.9056565300954,139.690979719162,496
SHP0002,35.9056847743518,139.691162109375,497
SHP0002,35.9057065007029,139.691269397736,498
SHP0002,35.9057781976616,139.691513478756,499
SHP0002,35.9058368588096,139.69166636467,500
SHP0002,35.9058694483362,139.691733419895,501
SHP0002,35.9063734996819,139.692519307137,502
SHP0002,35.9066754959623,139.692994058132,503
SHP0002,35.9068493067712,139.693251550198,504
SHP0002,35.9069144784953,139.693350791931,505
SHP0002,35.9072859573226,139.693986475468,506
SHP0002,35.9074184731615,139.694166183472,507
SHP0002,35.9075908899336,139.694363955545,508
SHP0002,35.907755193736,139.69455242157,509
SHP0002,35.9078920543566,139.694697260857,510
SHP0002,35.908085397138,139.694954752922,511
SHP0002,35.9081831547242,139.695145189762,512
SHP0002,35.9082787399195,139.695375859737,513
SHP0002,35.9083352220804,139.69553142786,514
SHP0002,35.908404738586,139.695708453655,515
SHP0002,35.9084872894366,139.695896208286,516
SHP0002,35.9085763574595,139.696054458618,517
SHP0002,35.9087798168673,139.696334258737,518
SHP0002,35.9088435615282,139.696421921253,519
SHP0002,35.9088978712983,139.696483612061,520
SHP0002,35.9089479478396,139.696528794455,521
SHP0002,35.9092932464244,139.69684034586,522
SHP0002,35.9092411090451,139.697028100491,523
SHP0002,35.9092128679647,139.69716489315,524
SHP0002,35.9091976612291,139.697299003601,525
SHP0002,35.9091694201487,139.697564542294,526
SHP0002,35.9091020760338,139.698320925236,527
SHP0002,35.9090651453901,139.698750078678,528
SHP0002,35.9090086632292,139.699077308178,529
SHP0002,35.90895652585,139.699324071407,530
SHP0002,35.9088218376202,139.699804186821,531
SHP0002,35.9087675278501,139.699999988079,532
SHP0002,35.9087479763329,139.700067043304,533
SHP0002,35.9085741850687,139.700635671616,534
SHP0002,35.908493806609,139.700834155083,535
SHP0002,35.9083873594596,139.701011180878,536
SHP0002,35.9083569459884,139.701054096222,537
SHP0002,35.9083352220804,139.701083600521,538
SHP0002,35.9082852570919,139.701147973537,539
SHP0002,35.9077557571584,139.70048500225,540
SHP0003,35.8995918653585,139.692031055886,1
SHP0003,35.8995557707044,139.691897034645,2
SHP0003,35.8994927642861,139.69166636467,3
SHP0003,35.8993971683413,139.691355228424,4
SHP0003,35.8995427348937,139.691162109375,5
SHP0003,35.8999772619158,139.690585434437,6
SHP0003,35.9000011609021,139.690563976765,7
SHP0003,35.9003987531273,139.690207242966,8
SHP0003,35.90045089637,139.690150916576,9
SHP0003,35.9005660460309,139.690040946007,10
SHP0003,35.9008397980548,139.689702987671,11
SHP0003,35.9010744426468,139.689397215843,12
SHP0003,35.9011548301459,139.689244329929,13
SHP0003,35.9013547125761,139.688863456249,14
SHP0003,35.9014177189943,139.688748121262,15
SHP0003,35.9016958162885,139.688278734684,16
SHP0003,35.9017007361546,139.688271623916,17
SHP0003,35.9017426296946,139.688211074458,18
SHP0003,35.901784894328,139.688149988651,19
SHP0003,35.902078200068,139.687750339508,20
SHP0003,35.9021281706755,139.687712788582,21
SHP0003,35.9024193037803,139.687900543213,22
SHP0003,35.9025909419541,139.687994420528,23
SHP0003,35.9026582936425,139.688015878201,24
SHP0003,35.9027864791141,139.688026607037,25
SHP0003,35.9028560034376,139.688023924828,26
SHP0003,35.9030146058007,139.687978327274,27
SHP0003,35.903177553434,139.687922000885,28
SHP0003,35.9033796084993,139.687868356705,29
SHP0003,35.9036207709966,139.687830805779,30
SHP0003,35.9039727378845,139.687787890434,31
SHP0003,35.9040248151369,139.687782418813,32
SHP0003,35.9042790794352,139.687755703926,33
SHP0003,35.9046006294316,139.687715470791,34
SHP0003,35.9046959584233,139.68770538328,35
SHP0003,35.9049047983471,139.687683284283,36
SHP0003,35.9051350976688,139.68766450882,37
SHP0003,35.9054848919216,139.687675237656,38
SHP0003,35.9060671581313,139.687720835209,39
SHP0003,35.9062887669126,139.687718153,40
SHP0003,35.9065103756939,139.687669873238,41
SHP0003,35.9067146033943,139.687575995922,42
SHP0003,35.9068493067712,139.687492847443,43
SHP0003,35.907129382673,139.687318233384,44
SHP0003,35.9072881297134,139.687219262123,45
SHP0003,35.9073598186099,139.68717366457,46
SHP0003,35.9075270927017,139.687063694,47
SHP0003,35.9075944368166,139.687018096447,48
SHP0003,35.9078138482877,139.686878621578,49
SHP0003,35.9081918442874,139.686610400677,50
SHP0003,35.9083352220804,139.68651920557,51
SHP0003,35.9083547735976,139.686505794525,52
SHP0003,35.9084764274825,139.686430692673,53
SHP0003,35.908680632218,139.686309993267,54
SHP0003,35.9088587682638,139.686210751534,55
SHP0003,35.9092193851371,139.686068594456,56
SHP0003,35.9091563858038,139.685725271702,57
SHP0003,35.9090629729993,139.684993028641,58
SHP0003,35.9091455238498,139.684904515743,59
SHP0003,35.9094713824703,139.684609472752,60
SHP0003,35.9096842767689,139.684421718121,61
SHP0003,35.9102034781708,139.684156179428,62
SHP0003,35.9101078929755,139.683402478695,63
SHP0003,35.9097733447918,139.683477580547,64
SHP0003,35.9096191050448,139.683547317982,65
SHP0003,35.9094062107462,139.683670699596,66
SHP0003,35.9090499386545,139.683963060379,67
SHP0003,35.9088718026087,139.684089124203,68
SHP0003,35.9089804221488,139.684598743916,69
SHP0003,35.9090242573397,139.684808112397,70
SHP0003,35.9090629729993,139.684993028641,71
SHP0003,35.9091563858038,139.685725271702,72
SHP0003,35.9092193851371,139.686068594456,73
SHP0003,35.9094199397293,139.68598400347,74
SHP0003,35.9095691400564,139.68592107296,75
SHP0003,35.9097909404799,139.685764918652,76
SHP0003,35.910079651895,139.685561656952,77
SHP0003,35.910377269435,139.685325622559,78
SHP0003,35.9106879213198,139.685092270374,79
SHP0003,35.9108508506301,139.684963524342,80
SHP0003,35.9110854688368,139.684732854366,81
SHP0003,35.9112831563998,139.684507548809,82
SHP0003,35.9115612224226,139.684250056744,83
SHP0003,35.9118448233255,139.683992588682,84
SHP0003,35.9120782514337,139.683780670166,85
SHP0003,35.9121238716405,139.683727025986,86
SHP0003,35.9121977329278,139.683681428432,87
SHP0003,35.9126104871804,139.683555364609,88
SHP0003,35.912901587548,139.683458805084,89
SHP0003,35.9131601020535,139.683332741261,90
SHP0003,35.9133056522373,139.683257639408,91
SHP0003,35.9133795135246,139.683217406273,92
SHP0003,35.9133404104901,139.682954549789,93
SHP0003,35.913308353173,139.682744919463,94
SHP0003,35.9132817559385,139.6825709939,95
SHP0003,35.9132437804215,139.682324978515,96
SHP0003,35.9131057922834,139.681431055069,97
SHP0003,35.9128711740767,139.680339396,98
SHP0003,35.9128624845135,139.68017578125,99
SHP0003,35.9128624845135,139.679971933365,100
SHP0003,35.9128624845135,139.679926335812,101
SHP0003,35.9128972427664,139.679770767689,102
SHP0003,35.9129385181916,139.679644703865,103
SHP0003,35.9130123794789,139.679473042488,104
SHP0003,35.9132578596396,139.679092168808,105
SHP0003,35.9133903754786,139.678807854652,106
SHP0003,35.9134273061223,139.678713977337,107
SHP0003,35.9134620643751,139.678633511066,108
SHP0003,35.9135334778099,139.678450867429,109
SHP0003,35.9136141317313,139.678244590759,110
SHP0003,35.9136672112461,139.678117047128,111
SHP0003,35.9138965425357,139.677565991879,112
SHP0003,35.9139074044897,139.677541851997,113
SHP0003,35.9139747486046,139.677324593067,114
SHP0003,35.9140572994551,139.676648676395,115
SHP0003,35.9140768509723,139.676396548748,116
SHP0003,35.9140790233631,139.676246345043,117
SHP0003,35.9140942300987,139.676039814949,118
SHP0003,35.9141376779148,139.675852060318,119
SHP0003,35.9142093668113,139.675677716732,120
SHP0003,35.9142354355009,139.675618708134,121
SHP0003,35.9142562765391,139.675589948809,122
SHP0003,35.9143092967882,139.675516784191,123
SHP0003,35.9144262886012,139.675335007518,124
SHP0003,35.9145026395697,139.675216376781,125
SHP0003,35.9145743284662,139.675071537495,126
SHP0003,35.9146134315006,139.674999117851,127
SHP0003,35.914619948673,139.674988389015,128
SHP0003,35.9146438449718,139.674924015999,129
SHP0003,35.9147437749488,139.674618244171,130
SHP0003,35.9148067742821,139.674454629421,131
SHP0003,35.9148806355694,139.67432320118,132
SHP0003,35.9149197386038,139.674269556999,133
SHP0003,35.9150174961899,139.674181044102,134
SHP0003,35.9151304605117,139.67407643795,135
SHP0003,35.9153694235,139.673888683319,136
SHP0003,35.9154628363045,139.673810899258,137
SHP0003,35.915491077385,139.673765301704,138
SHP0003,35.9155497319366,139.673609733582,139
SHP0003,35.9155651584715,139.673548111436,140
SHP0003,35.9155866625803,139.673462212086,141
SHP0003,35.9156372819557,139.673218169284,142
SHP0003,35.915677902994,139.673022329807,143
SHP0003,35.9157061440744,139.672858715057,144
SHP0003,35.9157387299365,139.672493934631,145
SHP0003,35.9157474194997,139.672451019287,146
SHP0003,35.9157691409644,139.672349095345,147
SHP0003,35.9159211912173,139.672019183636,148
SHP0003,35.9160971350814,139.671665132046,149
SHP0003,35.9161188565461,139.671587347984,150
SHP0003,35.9161340615714,139.671496152878,151
SHP0003,35.9161318894249,139.671402275562,152
SHP0003,35.9161036515208,139.671099185944,153
SHP0003,35.9160319706873,139.670372307301,154
SHP0003,35.9161101679602,139.6704018116,155
SHP0003,35.916668409603,139.670578837395,156
SHP0003,35.9167140246789,139.670594930649,157
SHP0003,35.9168786142862,139.670650640687,158
SHP0003,35.916965425549,139.67068002443,159
SHP0003,35.9171419375335,139.670739769936,160
SHP0003,35.9174981695546,139.670855104923,161
SHP0003,35.9178261636715,139.670962393284,162
SHP0003,35.9184604304408,139.671166241169,163
SHP0003,35.9186906779666,139.67124402523,164
SHP0003,35.9188181803852,139.671301861245,165
SHP0003,35.9190099834977,139.671388864517,166
SHP0003,35.9190534264271,139.671410322189,167
SHP0003,35.9191944789753,139.671480475787,168
SHP0003,35.9193662155188,139.671565890312,169
SHP0003,35.919824538424,139.671812653542,170
SHP0003,35.919894047111,139.671850204468,171
SHP0003,35.9200504416569,139.671933352947,172
SHP0003,35.9203610586021,139.672113060951,173
SHP0003,35.9203849522132,139.672126471996,174
SHP0003,35.920841102972,139.672373235226,175
SHP0003,35.9211473756242,139.672542214394,176
SHP0003,35.9213341802207,139.672657549381,177
SHP0003,35.9215970099435,139.672818481922,178
SHP0003,35.9217555766358,139.672931134701,179
SHP0003,35.9219173180695,139.673055713453,180
SHP0003,35.9219749634293,139.673100113869,181
SHP0003,35.9220871711337,139.673182834031,182
SHP0003,35.9222660310563,139.67331469059,183
SHP0003,35.9226461566886,139.673582911491,184
SHP0003,35.9227504197191,139.673660695553,185
SHP0003,35.9228438220173,139.673494398594,186
SHP0003,35.9229958722702,139.673247635365,187
SHP0003,35.9231587832555,139.672979414463,188
SHP0003,35.923197881892,139.672888219357,189
SHP0003,35.9233138302946,139.672616409886,190
SHP0003,35.9231936059015,139.672558307648,191
SHP0003,35.9232457354238,139.672397375107,192
SHP0003,35.9233129357255,139.672429459186,193
SHP0003,35.9233799343302,139.672461446967,194
SHP0003,35.9234759166401,139.672236442566,195
SHP0003,35.9234911216654,139.67219889164,196
SHP0003,35.9237735007065,139.671901166439,197
SHP0003,35.9238669030047,139.671807289124,198
SHP0003,35.9240167811112,139.671643674374,199
SHP0003,35.9240819455053,139.67157125473,200
SHP0003,35.9242144464399,139.671394228935,201
SHP0003,35.9242361679046,139.671364724636,202
SHP0003,35.9242904715664,139.671278893948,203
SHP0003,35.9243925624505,139.671096503735,204
SHP0003,35.9244186282081,139.671045541763,205
SHP0003,35.9245511291428,139.670753180981,206
SHP0003,35.924644531441,139.670611023903,207
SHP0003,35.9247379232318,139.670468866825,208
SHP0003,35.924857377848,139.670281112194,209
SHP0003,35.9249638010515,139.670066535473,210
SHP0003,35.9249876919747,139.669994115829,211
SHP0003,35.9250007233874,139.669994115829,212
SHP0003,35.925263523543,139.669961929321,213
SHP0003,35.9255654179366,139.669873416424,214
SHP0003,35.9256327469021,139.669841229916,215
SHP0003,35.9257804362457,139.66977417469,216
SHP0003,35.9258719587287,139.669722123026,217
SHP0003,35.9259455008063,139.669680297375,218
SHP0003,35.9260177029127,139.669646859897,219
SHP0003,35.9261018777584,139.669607877731,220
SHP0003,35.9263364431865,139.6694201231,221
SHP0003,35.9264602416069,139.669283330441,222
SHP0003,35.9265210548661,139.669189453125,223
SHP0003,35.9265340862787,139.669165313244,224
SHP0003,35.9269250286589,139.668462574482,225
SHP0003,35.9269967014286,139.668500125408,226
SHP0003,35.9270727180026,139.668540358543,227
SHP0003,35.927370268592,139.668698608875,228
SHP0003,35.9274766917955,139.668754935265,229
SHP0003,35.9277503514616,139.668854176998,230
SHP0003,35.9281369500376,139.668430387974,231
SHP0003,35.9282944765274,139.66830796277,232
SHP0003,35.9283888906827,139.668234586716,233
SHP0003,35.9286712379573,139.668011963367,234
SHP0003,35.9288971157769,139.667834937572,235
SHP0003,35.9291751192473,139.667614996433,236
SHP0003,35.9295247954874,139.667333364487,237
SHP0003,35.9297810799367,139.667156338692,238
SHP0003,35.9299157378676,139.66707855463,239
SHP0003,35.9299451111784,139.667075834018,240
SHP0003,35.9300026139521,139.667070508003,241
SHP0003,35.930059083407,139.667073190212,242
SHP0003,35.9301090371556,139.667062461376,243
SHP0003,35.9301524751979,139.667035639286,244
SHP0003,35.9302034758186,139.666999288722,245
SHP0003,35.9305325580675,139.666764736176,246
SHP0003,35.9306042308372,139.666676223278,247
SHP0003,35.9306129184457,139.666665494442,248
SHP0003,35.9309517351752,139.666273891926,249
SHP0003,35.9312232229392,139.66598957777,250
SHP0003,35.9314621321716,139.665742814541,251
SHP0003,35.9315424925498,139.665675759315,252
SHP0003,35.9316098215152,139.665646255016,253
SHP0003,35.9320778550217,139.66558014922,254
SHP0003,35.9321840585378,139.665565148866,255
SHP0003,35.9323504401355,139.665541648865,256
SHP0003,35.9331344967981,139.665442407131,257
SHP0003,35.9333343117924,139.665407538414,258
SHP0003,35.9334298754854,139.665383398533,259
SHP0003,35.9335406424931,139.665305614471,260
SHP0003,35.933549329124,139.665297567844,261
SHP0003,35.9337708382125,139.665077626705,262
SHP0003,35.9339119959649,139.664935469627,263
SHP0003,35.9342685124443,139.664587499468,264
SHP0003,35.9343571857995,139.664500951767,265
SHP0003,35.9345653887735,139.664285784628,266
SHP0003,35.934570008257,139.664281010628,267
SHP0003,35.9347350542445,139.664213955402,268
SHP0003,35.9349196451515,139.664026200771,269
SHP0003,35.9351585275018,139.66378480196,270
SHP0003,35.9350716611926,139.663251042366,271
SHP0003,35.935052116273,139.663095474243,272
SHP0003,35.9349652499638,139.662290811539,273
SHP0003,35.9349389146021,139.662092227237,274
SHP0003,35.9349143661736,139.661907117474,275
SHP0003,35.9348827269701,139.661668539047,276
SHP0003,35.9348588387351,139.661462008953,277
SHP0003,35.9349044435474,139.660853147507,278
SHP0003,35.9350499446153,139.660134315491,279
SHP0003,35.9350912061122,139.659943878651,280
SHP0003,35.9351476692131,139.659675657749,281
SHP0003,35.9351954456832,139.659461081028,282
SHP0003,35.935208997757,139.659396918187,283
SHP0003,35.935221505576,139.659337699413,284
SHP0003,35.9352323638646,139.659284055233,285
SHP0003,35.9352072145404,139.659040530194,286
SHP0003,35.9351780724214,139.658758342266,287
SHP0003,35.9351281242936,139.658331871033,288
SHP0003,35.9351216093204,139.658294320107,289
SHP0003,35.9351129226895,139.658203125,290
SHP0003,35.9350781761658,139.657908082008,291
SHP0003,35.9350390863267,139.657511115074,292
SHP0003,35.9350890344544,139.65719461441,293
SHP0003,35.935165042475,139.656738638878,294
SHP0003,35.9352779686769,139.65610563755,295
SHP0003,35.935373521617,139.655563831329,296
SHP0003,35.9354104397984,139.655499458313,297
SHP0003,35.9355537692086,139.655300974846,298
SHP0003,35.9352099465692,139.654865096019,299
SHP0003,35.9351073934797,139.654735085033,300
SHP0003,35.9350608029039,139.654676020145,301
SHP0003,35.934923988467,139.654490947723,302
SHP0003,35.9348610103928,139.654410481453,303
SHP0003,35.9347958606609,139.654346108437,304
SHP0003,35.934682934459,139.654252231121,305
SHP0003,35.9345070301829,139.654128849506,306
SHP0003,35.9341964831275,139.653949141502,307
SHP0003,35.9339315408845,139.653798937798,308
SHP0003,35.9338663911526,139.653753340244,309
SHP0003,35.933790383132,139.653697013855,310
SHP0003,35.9336392338486,139.653585003395,311
SHP0003,35.9335406424931,139.653511941433,312
SHP0003,35.9333343117924,139.653361737728,313
SHP0003,35.9330193859861,139.653136432171,314
SHP0003,35.9325650934222,139.6528576264,315
SHP0003,35.9323070020933,139.652699232101,316
SHP0003,35.9320094515039,139.652495384216,317
SHP0003,35.9319052002025,139.652414917946,318
SHP0003,35.9314860230948,139.652052819729,319
SHP0003,35.931373084185,139.651942849159,320
SHP0003,35.9310950807146,139.651650488377,321
SHP0003,35.9307627796914,139.651253521442,322
SHP0003,35.9305477613823,139.651001393795,323
SHP0003,35.9304912919274,139.650945067406,324
SHP0003,35.9303826968218,139.650861918926,325
SHP0003,35.9303023364436,139.650813639164,326
SHP0003,35.9302176322612,139.650781452656,327
SHP0003,35.9300265048754,139.650730490685,328
SHP0003,35.9299010222416,139.650706182316,329
SHP0003,35.929870249218,139.650564193726,330
SHP0003,35.9298411783694,139.650604893915,331
SHP0003,35.929870249218,139.650564193726,332
SHP0003,35.9299010222416,139.650706182316,333
SHP0003,35.9298049708599,139.65068757534,334
SHP0003,35.92978642638,139.650681548587,335
SHP0003,35.9297637047198,139.650674164295,336
SHP0003,35.9297354699923,139.650652706623,337
SHP0003,35.9297159228733,139.650625884533,338
SHP0003,35.9296963757543,139.650574922562,339
SHP0003,35.9294965607599,139.649998247623,340
SHP0003,35.9294813574452,139.649936556816,341
SHP0003,35.9293792780459,139.649998247623,342
SHP0003,35.9293445276121,139.650014340878,343
SHP0003,35.9292142134853,139.650081396103,344
SHP0003,35.9289774761551,139.650167226791,345
SHP0003,35.9287863487692,139.650236964226,346
SHP0003,35.928742910727,139.650255739689,347
SHP0003,35.9284062658996,139.650371074677,348
SHP0003,35.9281651847651,139.650456905365,349
SHP0003,35.9279545102602,139.650532007217,350
SHP0003,35.927737320049,139.65060710907,351
SHP0003,35.9276135216286,139.650650024414,352
SHP0003,35.9271791412061,139.650808274746,353
SHP0003,35.9269901857223,139.650880694389,354
SHP0003,35.9266187904611,139.651028215885,355
SHP0003,35.9262321918851,139.651207923889,356
SHP0003,35.9260866744436,139.651283025742,357
SHP0003,35.9259954545549,139.65134203434,358
SHP0003,35.9259085784704,139.651411771774,359
SHP0003,35.9258390776028,139.651484191418,360
SHP0003,35.9257326543993,139.651615619659,361
SHP0003,35.9254915732648,139.651910662651,362
SHP0003,35.9253907180047,139.652052230023,363
SHP0003,35.9253037522446,139.652174301138,364
SHP0003,35.9250941151782,139.652468562126,365
SHP0003,35.9250007233874,139.65259462595,366
SHP0003,35.924759642253,139.652908444405,367
SHP0003,35.924644531441,139.653072059155,368
SHP0003,35.9242752665411,139.653635323048,369
SHP0003,35.9239863710606,139.654104709625,370
SHP0003,35.9238104271965,139.654375612736,371
SHP0003,35.9236779262618,139.654533863068,372
SHP0003,35.9232022261849,139.655024707317,373
SHP0003,35.9235947647889,139.655580775566,374
SHP0003,35.9236301390395,139.655630886555,375
SHP0003,35.9237973943177,139.655872285366,376
SHP0003,35.9240776012123,139.656271934509,377
SHP0003,35.9245272355316,139.65689688921,378
SHP0003,35.9246314985622,139.657041728497,379
SHP0003,35.924644531441,139.65706050396,380
SHP0003,35.9250007233874,139.6575781703,381
SHP0003,35.9251983664796,139.657859802246,382
SHP0003,35.9254459633204,139.658203125,383
SHP0003,35.9255371832092,139.658331871033,384
SHP0003,35.9255652107779,139.658370604499,385
SHP0003,35.9255986629221,139.658416834606,386
SHP0003,35.9258108428753,139.658710062504,387
SHP0003,35.9258977189598,139.658836126328,388
SHP0003,35.9261127372689,139.659149944782,389
SHP0003,35.9264906482365,139.659697115421,390
SHP0003,35.9267078384477,139.659989476204,391
SHP0003,35.9267491045878,139.660051167011,392
SHP0003,35.9267143541541,139.660614430904,393
SHP0003,35.9267143541541,139.66106235981,394
SHP0003,35.9267360731752,139.661376178265,395
SHP0003,35.9267577921963,139.66152369976,396
SHP0003,35.9268207773575,139.661974310875,397
SHP0003,35.926849012085,139.662172794342,398
SHP0003,35.926849012085,139.662301540375,399
SHP0003,35.9268316368681,139.66245174408,400
SHP0003,35.9268055740428,139.662545621395,401
SHP0003,35.9267556202942,139.662671685219,402
SHP0003,35.9267078384477,139.662787020206,403
SHP0003,35.9266513689928,139.662934541702,404
SHP0003,35.92659707144,139.663041830063,405
SHP0003,35.9265427738872,139.663135707378,406
SHP0003,35.9263386150886,139.663409292698,407
SHP0003,35.9262744680685,139.663495152713,408
SHP0003,35.9259827655437,139.663885593035,409
SHP0003,35.9259759074359,139.66389477253,410
SHP0003,35.9259237817852,139.663977921009,411
SHP0003,35.9258455933091,139.664125442505,412
SHP0003,35.9257912957563,139.664281010628,413
SHP0003,35.9256609816296,139.664812088013,414
SHP0003,35.9256349188042,139.664951562881,415
SHP0003,35.9256088559789,139.665099084377,416
SHP0003,35.9255936526641,139.665372669697,417
SHP0003,35.9255958245662,139.665573835373,418
SHP0003,35.9255958245662,139.665648937225,419
SHP0003,35.9255979964683,139.66569185257,420
SHP0003,35.9256175435873,139.665860831738,421
SHP0003,35.9256609816296,139.666070044041,422
SHP0003,35.9257500296162,139.66639727354,423
SHP0003,35.9257774428117,139.666503067788,424
SHP0003,35.9258195304838,139.666665494442,425
SHP0003,35.9258678948841,139.666861582686,426
SHP0003,35.9259346412957,139.667132198811,427
SHP0003,35.926095362052,139.667663276196,428
SHP0003,35.9261670348217,139.6678134799,429
SHP0003,35.9262321918851,139.667920768261,430
SHP0003,35.9262864894379,139.667990505695,431
SHP0003,35.9263559903055,139.66806024313,432
SHP0003,35.9265666648104,139.668231904507,433
SHP0003,35.9266318218738,139.66827750206,434
SHP0003,35.9267621360005,139.668363332748,435
SHP0003,35.9269250286589,139.668462574482,436
SHP0003,35.9269967014286,139.668500125408,437
SHP0003,35.9270727180026,139.668540358543,438
SHP0003,35.927370268592,139.668698608875,439
SHP0003,35.9274766917955,139.668754935265,440
SHP0003,35.9277503514616,139.668854176998,441
SHP0003,35.9277851018954,139.668867588043,442
SHP0003,35.9281369500376,139.66895878315,443
SHP0003,35.9283128741087,139.669001698494,444
SHP0003,35.928627799915,139.669111669064,445
SHP0003,35.9287776611608,139.669189453125,446
SHP0003,35.9287928644755,139.669197499752,447
SHP0003,35.9288906000706,139.669275283813,448
SHP0003,35.9293471205899,139.669622925363,449
SHP0003,35.9297007195585,139.669892191887,450
SHP0003,35.9297246104817,139.669908285141,451
SHP0003,35.9301980851422,139.67029184103,452
SHP0003,35.9303609778006,139.670407176018,453
SHP0003,35.9306433250753,139.670635163784,454
SHP0003,35.9306976226281,139.670688807964,455
SHP0003,35.9307388887682,139.6707290411,456
SHP0003,35.9307953582231,139.670788049698,457
SHP0003,35.9308865781118,139.670884609222,458
SHP0003,35.9312101915266,139.671203792095,459
SHP0003,35.9314556164653,139.671445190907,460
SHP0003,35.9315555239624,139.671533703804,461
SHP0003,35.9318163366015,139.671759616109,462
SHP0003,35.9318682778666,139.671804606915,463
SHP0003,35.9319229699561,139.671852500661,464
SHP0003,35.932107187099,139.672013819218,465
SHP0003,35.9324242848074,139.672284722328,466
SHP0003,35.932107187099,139.672705829144,467
SHP0003,35.9317184166209,139.673228859901,468
SHP0003,35.9315359768434,139.673475623131,469
SHP0003,35.9314621321716,139.673572182655,470
SHP0003,35.9311819567991,139.67393964529,471
SHP0003,35.9310581583787,139.674087166786,472
SHP0003,35.9309642064529,139.674215499382,473
SHP0003,35.9309148128393,139.674282968044,474
SHP0003,35.9306976226281,139.674575328827,475
SHP0003,35.9306020589351,139.674717485905,476
SHP0003,35.9305151828506,139.674843549728,477
SHP0003,35.9304217910598,139.674999117851,478
SHP0003,35.9303073491,139.675180829231,479
SHP0003,35.9303001645415,139.6751922369,480
SHP0003,35.9299526602035,139.675801098347,481
SHP0003,35.9298245179789,139.676042497158,482
SHP0003,35.9297246104817,139.676230251789,483
SHP0003,35.9293032614719,139.676978588104,484
SHP0003,35.9291208216945,139.67726290226,485
SHP0003,35.9290100546868,139.677405059338,486
SHP0003,35.9285669866559,139.677925407887,487
SHP0003,35.9279589151278,139.677484447105,488
SHP0003,35.9278198523292,139.677383601665,489
SHP0003,35.9275592240757,139.677195847034,490
SHP0003,35.9273333462561,139.677037596703,491
SHP0003,35.9272595015842,139.676983952522,492
SHP0003,35.9270567723453,139.67683725592,493
SHP0003,35.9267034946435,139.67658162117,494
SHP0003,35.9265471176914,139.6764716506,495
SHP0003,35.9254003533761,139.675613343716,496
SHP0003,35.9252135697944,139.675476551056,497
SHP0003,35.9250711692757,139.675372471397,498
SHP0003,35.9250007233874,139.675320982933,499
SHP0003,35.9249942076811,139.675315618515,500
SHP0003,35.9249051596945,139.675251245499,501
SHP0003,35.9248725811628,139.675227105618,502
SHP0003,35.924644531441,139.675050079823,503
SHP0003,35.924575022754,139.674999117851,504
SHP0003,35.9239581331565,139.674548506737,505
SHP0003,35.9237430906559,139.674400985241,506
SHP0003,35.9236127618677,139.674307107925,507
SHP0003,35.9234932938119,139.674215912819,508
SHP0003,35.9233282106802,139.674092531204,509
SHP0003,35.9228590270426,139.673741161823,510
SHP0003,35.9227504197191,139.673660695553,511
SHP0003,35.9228438220173,139.673494398594,512
SHP0003,35.9229958722702,139.673247635365,513
SHP0003,35.9231587832555,139.672979414463,514
SHP0003,35.923197881892,139.672888219357,515
SHP0003,35.9233138302946,139.672616409886,516
SHP0003,35.9231936059015,139.672558307648,517
SHP0003,35.9232457354238,139.672397375107,518
SHP0003,35.9233129357255,139.672429459186,519
SHP0004,35.9233129357255,139.672429459186,1
SHP0004,35.9233799343302,139.672461446967,2
SHP0004,35.9233138302946,139.672616409886,3
SHP0004,35.923197881892,139.672888219357,4
SHP0004,35.9231587832555,139.672979414463,5
SHP0004,35.9229958722702,139.673247635365,6
SHP0004,35.9228438220173,139.673494398594,7
SHP0004,35.9227504197191,139.673660695553,8
SHP0004,35.9228590270426,139.673741161823,9
SHP0004,35.9233282106802,139.674092531204,10
SHP0004,35.9234932938119,139.674215912819,11
SHP0004,35.9236127618677,139.674307107925,12
SHP0004,35.9237430906559,139.674400985241,13
SHP0004,35.9239581331565,139.674548506737,14
SHP0004,35.924575022754,139.674999117851,15
SHP0004,35.924644531441,139.675050079823,16
SHP0004,35.9248725811628,139.675227105618,17
SHP0004,35.9249051596945,139.675251245499,18
SHP0004,35.9249942076811,139.675315618515,19
SHP0004,35.9250007233874,139.675320982933,20
SHP0004,35.9250711692757,139.675372471397,21
SHP0004,35.9252135697944,139.675476551056,22
SHP0004,35.9254003533761,139.675613343716,23
SHP0004,35.9265471176914,139.6764716506,24
SHP0004,35.9267034946435,139.67658162117,25
SHP0004,35.9270567723453,139.67683725592,26
SHP0004,35.9272595015842,139.676983952522,27
SHP0004,35.9273333462561,139.677037596703,28
SHP0004,35.9275592240757,139.677195847034,29
SHP0004,35.9278198523292,139.677383601665,30
SHP0004,35.9279589151278,139.677484447105,31
SHP0004,35.9285669866559,139.677925407887,32
SHP0004,35.9290100546868,139.677405059338,33
SHP0004,35.9291208216945,139.67726290226,34
SHP0004,35.9293032614719,139.676978588104,35
SHP0004,35.9297246104817,139.676230251789,36
SHP0004,35.9298245179789,139.676042497158,37
SHP0004,35.9299526602035,139.675801098347,38
SHP0004,35.9303001645415,139.6751922369,39
SHP0004,35.9303073491,139.675180829231,40
SHP0004,35.9304217910598,139.674999117851,41
SHP0004,35.9305151828506,139.674843549728,42
SHP0004,35.9306020589351,139.674717485905,43
SHP0004,35.9306976226281,139.674575328827,44
SHP0004,35.9309148128393,139.674282968044,45
SHP0004,35.9309642064529,139.674215499382,46
SHP0004,35.9310581583787,139.674087166786,47
SHP0004,35.9311819567991,139.67393964529,48
SHP0004,35.9314621321716,139.673572182655,49
SHP0004,35.9315359768434,139.673475623131,50
SHP0004,35.9317184166209,139.673228859901,51
SHP0004,35.932107187099,139.672705829144,52
SHP0004,35.9324242848074,139.672284722328,53
SHP0004,35.932107187099,139.672013819218,54
SHP0004,35.9319229699561,139.671852500661,55
SHP0004,35.9318682778666,139.671804606915,56
SHP0004,35.9318163366015,139.671759616109,57
SHP0004,35.9315555239624,139.671533703804,58
SHP0004,35.9314556164653,139.671445190907,59
SHP0004,35.9312101915266,139.671203792095,60
SHP0004,35.9308865781118,139.670884609222,61
SHP0004,35.9307953582231,139.670788049698,62
SHP0004,35.9307388887682,139.6707290411,63
SHP0004,35.9306976226281,139.670688807964,64
SHP0004,35.9306433250753,139.670635163784,65
SHP0004,35.9303609778006,139.670407176018,66
SHP0004,35.9301980851422,139.67029184103,67
SHP0004,35.9297246104817,139.669908285141,68
SHP0004,35.9297007195585,139.669892191887,69
SHP0004,35.9293471205899,139.669622925363,70
SHP0004,35.9288906000706,139.669275283813,71
SHP0004,35.9287928644755,139.669197499752,72
SHP0004,35.9287776611608,139.669189453125,73
SHP0004,35.928627799915,139.669111669064,74
SHP0004,35.9283128741087,139.669001698494,75
SHP0004,35.9281369500376,139.66895878315,76
SHP0004,35.9277851018954,139.668867588043,77
SHP0004,35.9277503514616,139.668854176998,78
SHP0004,35.9274766917955,139.668754935265,79
SHP0004,35.927370268592,139.668698608875,80
SHP0004,35.9270727180026,139.668540358543,81
SHP0004,35.9269967014286,139.668500125408,82
SHP0004,35.9269250286589,139.668462574482,83
SHP0004,35.9267621360005,139.668363332748,84
SHP0004,35.9266318218738,139.66827750206,85
SHP0004,35.9265666648104,139.668231904507,86
SHP0004,35.9263559903055,139.66806024313,87
SHP0004,35.9262864894379,139.667990505695,88
SHP0004,35.9262321918851,139.667920768261,89
SHP0004,35.9261670348217,139.6678134799,90
SHP0004,35.926095362052,139.667663276196,91
SHP0004,35.9259346412957,139.667132198811,92
SHP0004,35.9258678948841,139.666861582686,93
SHP0004,35.9258195304838,139.666665494442,94
SHP0004,35.9257774428117,139.666503067788,95
SHP0004,35.9257500296162,139.66639727354,96
SHP0004,35.9256609816296,139.666070044041,97
SHP0004,35.9256175435873,139.665860831738,98
SHP0004,35.9255979964683,139.66569185257,99
SHP0004,35.9255958245662,139.665648937225,100
SHP0004,35.9255958245662,139.665573835373,101
SHP0004,35.9255936526641,139.665372669697,102
SHP0004,35.9256088559789,139.665099084377,103
SHP0004,35.9256349188042,139.664951562881,104
SHP0004,35.9256609816296,139.664812088013,105
SHP0004,35.9257912957563,139.664281010628,106
SHP0004,35.9258455933091,139.664125442505,107
SHP0004,35.9259237817852,139.663977921009,108
SHP0004,35.9259759074359,139.66389477253,109
SHP0004,35.9259827655437,139.663885593035,110
SHP0004,35.9262744680685,139.663495152713,111
SHP0004,35.9263386150886,139.663409292698,112
SHP0004,35.9265427738872,139.663135707378,113
SHP0004,35.92659707144,139.663041830063,114
SHP0004,35.9266513689928,139.662934541702,115
SHP0004,35.9267078384477,139.662787020206,116
SHP0004,35.9267556202942,139.662671685219,117
SHP0004,35.9268055740428,139.662545621395,118
SHP0004,35.9268316368681,139.66245174408,119
SHP0004,35.926849012085,139.662301540375,120
SHP0004,35.926849012085,139.662172794342,121
SHP0004,35.9268207773575,139.661974310875,122
SHP0004,35.9267577921963,139.66152369976,123
SHP0004,35.9267360731752,139.661376178265,124
SHP0004,35.9267143541541,139.66106235981,125
SHP0004,35.9267143541541,139.660614430904,126
SHP0004,35.9267491045878,139.660051167011,127
SHP0004,35.9267078384477,139.659989476204,128
SHP0004,35.9264906482365,139.659697115421,129
SHP0004,35.9261127372689,139.659149944782,130
SHP0004,35.9258977189598,139.658836126328,131
SHP0004,35.9258108428753,139.658710062504,132
SHP0004,35.9255986629221,139.658416834606,133
SHP0004,35.9255652107779,139.658370604499,134
SHP0004,35.9255371832092,139.658331871033,135
SHP0004,35.9254459633204,139.658203125,136
SHP0004,35.9251983664796,139.657859802246,137
SHP0004,35.9250007233874,139.6575781703,138
SHP0004,35.924644531441,139.65706050396,139
SHP0004,35.9246314985622,139.657041728497,140
SHP0004,35.9245272355316,139.65689688921,141
SHP0004,35.9240776012123,139.656271934509,142
SHP0004,35.9237973943177,139.655872285366,143
SHP0004,35.9236301390395,139.655630886555,144
SHP0004,35.9235947647889,139.655580775566,145
SHP0004,35.9232022261849,139.655024707317,146
SHP0004,35.9236779262618,139.654533863068,147
SHP0004,35.9238104271965,139.654375612736,148
SHP0004,35.9239863710606,139.654104709625,149
SHP0004,35.9242752665411,139.653635323048,150
SHP0004,35.924644531441,139.653072059155,151
SHP0004,35.924759642253,139.652908444405,152
SHP0004,35.9250007233874,139.65259462595,153
SHP0004,35.9250941151782,139.652468562126,154
SHP0004,35.9253037522446,139.652174301138,155
SHP0004,35.9253907180047,139.652052230023,156
SHP0004,35.9254915732648,139.651910662651,157
SHP0004,35.9257326543993,139.651615619659,158
SHP0004,35.9258390776028,139.651484191418,159
SHP0004,35.9259085784704,139.651411771774,160
SHP0004,35.9259954545549,139.65134203434,161
SHP0004,35.9260866744436,139.651283025742,162
SHP0004,35.9262321918851,139.651207923889,163
SHP0004,35.9266187904611,139.651028215885,164
SHP0004,35.9269901857223,139.650880694389,165
SHP0004,35.9271791412061,139.650808274746,166
SHP0004,35.9276135216286,139.650650024414,167
SHP0004,35.927737320049,139.65060710907,168
SHP0004,35.9279545102602,139.650532007217,169
SHP0004,35.9281651847651,139.650456905365,170
SHP0004,35.9284062658996,139.650371074677,171
SHP0004,35.928742910727,139.650255739689,172
SHP0004,35.9287863487692,139.650236964226,173
SHP0004,35.9289774761551,139.650167226791,174
SHP0004,35.9292142134853,139.650081396103,175
SHP0004,35.9293445276121,139.650014340878,176
SHP0004,35.9293792780459,139.649998247623,177
SHP0004,35.9294813574452,139.649936556816,178
SHP0004,35.9294965607599,139.649998247623,179
SHP0004,35.9296963757543,139.650574922562,180
SHP0004,35.9297159228733,139.650625884533,181
SHP0004,35.9297354699923,139.650652706623,182
SHP0004,35.9297637047198,139.650674164295,183
SHP0004,35.92978642638,139.650681548587,184
SHP0004,35.9298049708599,139.65068757534,185
SHP0004,35.9299010222416,139.650706182316,186
SHP0004,35.929870249218,139.650564193726,187
SHP0004,35.9298411783694,139.650604893915,188
SHP0004,35.929870249218,139.650564193726,189
SHP0004,35.9299010222416,139.650706182316,190
SHP0004,35.9300265048754,139.650730490685,191
SHP0004,35.9302176322612,139.650781452656,192
SHP0004,35.9303023364436,139.650813639164,193
SHP0004,35.9303826968218,139.650861918926,194
SHP0004,35.9304912919274,139.650945067406,195
SHP0004,35.9305477613823,139.651001393795,196
SHP0004,35.9307627796914,139.651253521442,197
SHP0004,35.9310950807146,139.651650488377,198
SHP0004,35.931373084185,139.651942849159,199
SHP0004,35.9314860230948,139.652052819729,200
SHP0004,35.9319052002025,139.652414917946,201
SHP0004,35.9320094515039,139.652495384216,202
SHP0004,35.9323070020933,139.652699232101,203
SHP0004,35.9325650934222,139.6528576264,204
SHP0004,35.9330193859861,139.653136432171,205
SHP0004,35.9333343117924,139.653361737728,206
SHP0004,35.9335406424931,139.653511941433,207
SHP0004,35.9336392338486,139.653585003395,208
SHP0004,35.933790383132,139.653697013855,209
SHP0004,35.9338663911526,139.653753340244,210
SHP0004,35.9339315408845,139.653798937798,211
SHP0004,35.9341964831275,139.653949141502,212
SHP0004,35.9345070301829,139.654128849506,213
SHP0004,35.934682934459,139.654252231121,214
SHP0004,35.9347958606609,139.654346108437,215
SHP0004,35.9348610103928,139.654410481453,216
SHP0004,35.934923988467,139.654490947723,217
SHP0004,35.9350608029039,139.654676020145,218
SHP0004,35.9351073934797,139.654735085033,219
SHP0004,35.9352099465692,139.654865096019,220
SHP0004,35.9355537692086,139.655300974846,221
SHP0004,35.9354104397984,139.655499458313,222
SHP0004,35.935373521617,139.655563831329,223
SHP0004,35.9352779686769,139.65610563755,224
SHP0004,35.935165042475,139.656738638878,225
SHP0004,35.9350890344544,139.65719461441,226
SHP0004,35.9350390863267,139.657511115074,227
SHP0004,35.9350781761658,139.657908082008,228
SHP0004,35.9351129226895,139.658203125,229
SHP0004,35.9351216093204,139.658294320107,230
SHP0004,35.9351281242936,139.658331871033,231
SHP0004,35.9351780724214,139.658758342266,232
SHP0004,35.9352072145404,139.659040530194,233
SHP0004,35.9352323638646,139.659284055233,234
SHP0004,35.935221505576,139.659337699413,235
SHP0004,35.935208997757,139.659396918187,236
SHP0004,35.9351954456832,139.659461081028,237
SHP0004,35.9351476692131,139.659675657749,238
SHP0004,35.9350912061122,139.659943878651,239
SHP0004,35.9350499446153,139.660134315491,240
SHP0004,35.9349044435474,139.660853147507,241
SHP0004,35.9348588387351,139.661462008953,242
SHP0004,35.9348827269701,139.661668539047,243
SHP0004,35.9349143661736,139.661907117474,244
SHP0004,35.9349389146021,139.662092227237,245
SHP0004,35.9349652499638,139.662290811539,246
SHP0004,35.935052116273,139.663095474243,247
SHP0004,35.9350716611926,139.663251042366,248
SHP0004,35.9351585275018,139.66378480196,249
SHP0004,35.9349196451515,139.664026200771,250
SHP0004,35.9347350542445,139.664213955402,251
SHP0004,35.934570008257,139.664281010628,252
SHP0004,35.9345653887735,139.664285784628,253
SHP0004,35.9343571857995,139.664500951767,254
SHP0004,35.9342685124443,139.664587499468,255
SHP0004,35.9339119959649,139.664935469627,256
SHP0004,35.9337708382125,139.665077626705,257
SHP0004,35.933549329124,139.665297567844,258
SHP0004,35.9335406424931,139.665305614471,259
SHP0004,35.9334298754854,139.665383398533,260
SHP0004,35.9333343117924,139.665407538414,261
SHP0004,35.9331344967981,139.665442407131,262
SHP0004,35.9323504401355,139.665541648865,263
SHP0004,35.9321840585378,139.665565148866,264
SHP0004,35.9320778550217,139.66558014922,265
SHP0004,35.9316098215152,139.665646255016,266
SHP0004,35.9315424925498,139.665675759315,267
SHP0004,35.9314621321716,139.665742814541,268
SHP0004,35.9312232229392,139.66598957777,269
SHP0004,35.9309517351752,139.666273891926,270
SHP0004,35.9306129184457,139.666665494442,271
SHP0004,35.9306042308372,139.666676223278,272
SHP0004,35.9305325580675,139.666764736176,273
SHP0004,35.9302034758186,139.666999288722,274
SHP0004,35.9301524751979,139.667035639286,275
SHP0004,35.9301090371556,139.667062461376,276
SHP0004,35.930059083407,139.667073190212,277
SHP0004,35.9300026139521,139.667070508003,278
SHP0004,35.9299451111784,139.667075834018,279
SHP0004,35.9299157378676,139.66707855463,280
SHP0004,35.9297810799367,139.667156338692,281
SHP0004,35.9295247954874,139.667333364487,282
SHP0004,35.9291751192473,139.667614996433,283
SHP0004,35.9288971157769,139.667834937572,284
SHP0004,35.9286712379573,139.668011963367,285
SHP0004,35.9283888906827,139.668234586716,286
SHP0004,35.9282944765274,139.66830796277,287
SHP0004,35.9281369500376,139.668430387974,288
SHP0004,35.9277503514616,139.668854176998,289
SHP0004,35.9274766917955,139.668754935265,290
SHP0004,35.927370268592,139.668698608875,291
SHP0004,35.9270727180026,139.668540358543,292
SHP0004,35.9269967014286,139.668500125408,293
SHP0004,35.9269250286589,139.668462574482,294
SHP0004,35.9265340862787,139.669165313244,295
SHP0004,35.9265210548661,139.669189453125,296
SHP0004,35.9264602416069,139.669283330441,297
SHP0004,35.9263364431865,139.6694201231,298
SHP0004,35.9261018777584,139.669607877731,299
SHP0004,35.9260177029127,139.669646859897,300
SHP0004,35.9259455008063,139.669680297375,301
SHP0004,35.9258719587287,139.669722123026,302
SHP0004,35.9257804362457,139.66977417469,303
SHP0004,35.9256327469021,139.669841229916,304
SHP0004,35.9255654179366,139.669873416424,305
SHP0004,35.925263523543,139.669961929321,306
SHP0004,35.9250007233874,139.669994115829,307
SHP0004,35.9249876919747,139.669994115829,308
SHP0004,35.9249638010515,139.670066535473,309
SHP0004,35.924857377848,139.670281112194,310
SHP0004,35.9247379232318,139.670468866825,311
SHP0004,35.924644531441,139.670611023903,312
SHP0004,35.9245511291428,139.670753180981,313
SHP0004,35.9244186282081,139.671045541763,314
SHP0004,35.9243925624505,139.671096503735,315
SHP0004,35.9242904715664,139.671278893948,316
SHP0004,35.9242361679046,139.671364724636,317
SHP0004,35.9242144464399,139.671394228935,318
SHP0004,35.9240819455053,139.67157125473,319
SHP0004,35.9240167811112,139.671643674374,320
SHP0004,35.9238669030047,139.671807289124,321
SHP0004,35.9237735007065,139.671901166439,322
SHP0004,35.9234911216654,139.67219889164,323
SHP0004,35.9234759166401,139.672236442566,324
SHP0004,35.9233799343302,139.672461446967,325
SHP0004,35.9233138302946,139.672616409886,326
SHP0004,35.9231936059015,139.672558307648,327
SHP0004,35.9232457354238,139.672397375107,328
SHP0004,35.9233129357255,139.672429459186,329
SHP0004,35.9233799343302,139.672461446967,330
SHP0004,35.9233138302946,139.672616409886,331
SHP0004,35.923197881892,139.672888219357,332
SHP0004,35.9231587832555,139.672979414463,333
SHP0004,35.9229958722702,139.673247635365,334
SHP0004,35.9228438220173,139.673494398594,335
SHP0004,35.9227504197191,139.673660695553,336
SHP0004,35.9226461566886,139.673582911491,337
SHP0004,35.9222660310563,139.67331469059,338
SHP0004,35.9220871711337,139.673182834031,339
SHP0004,35.9219749634293,139.673100113869,340
SHP0004,35.9219173180695,139.673055713453,341
SHP0004,35.9217555766358,139.672931134701,342
SHP0004,35.9215970099435,139.672818481922,343
SHP0004,35.9213341802207,139.672657549381,344
SHP0004,35.9211473756242,139.672542214394,345
SHP0004,35.920841102972,139.672373235226,346
SHP0004,35.9203849522132,139.672126471996,347
SHP0004,35.9203610586021,139.672113060951,348
SHP0004,35.9200504416569,139.671933352947,349
SHP0004,35.919894047111,139.671850204468,350
SHP0004,35.919824538424,139.671812653542,351
SHP0004,35.9193662155188,139.671565890312,352
SHP0004,35.9191944789753,139.671480475787,353
SHP0004,35.9190534264271,139.671410322189,354
SHP0004,35.9190099834977,139.671388864517,355
SHP0004,35.9188181803852,139.671301861245,356
SHP0004,35.9186906779666,139.67124402523,357
SHP0004,35.9184604304408,139.671166241169,358
SHP0004,35.9178261636715,139.670962393284,359
SHP0004,35.9174981695546,139.670855104923,360
SHP0004,35.9171419375335,139.670739769936,361
SHP0004,35.916965425549,139.67068002443,362
SHP0004,35.9168786142862,139.670650640687,363
SHP0004,35.9167140246789,139.670594930649,364
SHP0004,35.916668409603,139.670578837395,365
SHP0004,35.9161101679602,139.6704018116,366
SHP0004,35.9160319706873,139.670372307301,367
SHP0004,35.9161036515208,139.671099185944,368
SHP0004,35.9161318894249,139.671402275562,369
SHP0004,35.9161340615714,139.671496152878,370
SHP0004,35.9161188565461,139.671587347984,371
SHP0004,35.9160971350814,139.671665132046,372
SHP0004,35.9159211912173,139.672019183636,373
SHP0004,35.9157691409644,139.672349095345,374
SHP0004,35.9157474194997,139.672451019287,375
SHP0004,35.9157387299365,139.672493934631,376
SHP0004,35.9157061440744,139.672858715057,377
SHP0004,35.915677902994,139.673022329807,378
SHP0004,35.9156372819557,139.673218169284,379
SHP0004,35.9155866625803,139.673462212086,380
SHP0004,35.9155651584715,139.673548111436,381
SHP0004,35.9155497319366,139.673609733582,382
SHP0004,35.915491077385,139.673765301704,383
SHP0004,35.9154628363045,139.673810899258,384
SHP0004,35.9153694235,139.673888683319,385
SHP0004,35.9151304605117,139.67407643795,386
SHP0004,35.9150174961899,139.674181044102,387
SHP0004,35.9149197386038,139.674269556999,388
SHP0004,35.9148806355694,139.67432320118,389
SHP0004,35.9148067742821,139.674454629421,390
SHP0004,35.9147437749488,139.674618244171,391
SHP0004,35.9146438449718,139.674924015999,392
SHP0004,35.914619948673,139.674988389015,393
SHP0004,35.9146134315006,139.674999117851,394
SHP0004,35.9145743284662,139.675071537495,395
SHP0004,35.9145026395697,139.675216376781,396
SHP0004,35.9144262886012,139.675335007518,397
SHP0004,35.9143092967882,139.675516784191,398
SHP0004,35.9142562765391,139.675589948809,399
SHP0004,35.9142354355009,139.675618708134,400
SHP0004,35.9142093668113,139.675677716732,401
SHP0004,35.9141376779148,139.675852060318,402
SHP0004,35.9140942300987,139.676039814949,403
SHP0004,35.9140790233631,139.676246345043,404
SHP0004,35.9140768509723,139.676396548748,405
SHP0004,35.9140572994551,139.676648676395,406
SHP0004,35.9139747486046,139.677324593067,407
SHP0004,35.9139074044897,139.677541851997,408
SHP0004,35.9138965425357,139.677565991879,409
SHP0004,35.9136672112461,139.678117047128,410
SHP0004,35.9136141317313,139.678244590759,411
SHP0004,35.9135334778099,139.678450867429,412
SHP0004,35.9134620643751,139.678633511066,413
SHP0004,35.9134273061223,139.678713977337,414
SHP0004,35.9133903754786,139.678807854652,415
SHP0004,35.9132578596396,139.679092168808,416
SHP0004,35.9130123794789,139.679473042488,417
SHP0004,35.9129385181916,139.679644703865,418
SHP0004,35.9128972427664,139.679770767689,419
SHP0004,35.9128624845135,139.679926335812,420
SHP0004,35.9128624845135,139.679971933365,421
SHP0004,35.9128624845135,139.68017578125,422
SHP0004,35.9128711740767,139.680339396,423
SHP0004,35.9131057922834,139.681431055069,424
SHP0004,35.9132437804215,139.682324978515,425
SHP0004,35.9132817559385,139.6825709939,426
SHP0004,35.913308353173,139.682744919463,427
SHP0004,35.9133404104901,139.682954549789,428
SHP0004,35.9133795135246,139.683217406273,429
SHP0004,35.9133056522373,139.683257639408,430
SHP0004,35.9131601020535,139.683332741261,431
SHP0004,35.912901587548,139.683458805084,432
SHP0004,35.9126104871804,139.683555364609,433
SHP0004,35.9121977329278,139.683681428432,434
SHP0004,35.9121238716405,139.683727025986,435
SHP0004,35.9120782514337,139.683780670166,436
SHP0004,35.9118448233255,139.683992588682,437
SHP0004,35.9115612224226,139.684250056744,438
SHP0004,35.9112831563998,139.684507548809,439
SHP0004,35.9110854688368,139.684732854366,440
SHP0004,35.9108508506301,139.684963524342,441
SHP0004,35.9106879213198,139.685092270374,442
SHP0004,35.910377269435,139.685325622559,443
SHP0004,35.910079651895,139.685561656952,444
SHP0004,35.9097909404799,139.685764918652,445
SHP0004,35.9095691400564,139.68592107296,446
SHP0004,35.9094199397293,139.68598400347,447
SHP0004,35.9092193851371,139.686068594456,448
SHP0004,35.9091563858038,139.685725271702,449
SHP0004,35.9090629729993,139.684993028641,450
SHP0004,35.9091455238498,139.684904515743,451
SHP0004,35.9094713824703,139.684609472752,452
SHP0004,35.9096842767689,139.684421718121,453
SHP0004,35.9102034781708,139.684156179428,454
SHP0004,35.9101078929755,139.683402478695,455
SHP0004,35.9097733447918,139.683477580547,456
SHP0004,35.9096191050448,139.683547317982,457
SHP0004,35.9094062107462,139.683670699596,458
SHP0004,35.9090499386545,139.683963060379,459
SHP0004,35.9088718026087,139.684089124203,460
SHP0004,35.9089804221488,139.684598743916,461
SHP0004,35.9090242573397,139.684808112397,462
SHP0004,35.9090629729993,139.684993028641,463
SHP0004,35.9091563858038,139.685725271702,464
SHP0004,35.9092193851371,139.686068594456,465
SHP0004,35.9088587682638,139.686210751534,466
SHP0004,35.908680632218,139.686309993267,467
SHP0004,35.9084764274825,139.686430692673,468
SHP0004,35.9083547735976,139.686505794525,469
SHP0004,35.9083352220804,139.68651920557,470
SHP0004,35.9081918442874,139.686610400677,471
SHP0004,35.9078138482877,139.686878621578,472
SHP0004,35.9075944368166,139.687018096447,473
SHP0004,35.9075270927017,139.687063694,474
SHP0004,35.9073598186099,139.68717366457,475
SHP0004,35.9072881297134,139.687219262123,476
SHP0004,35.907129382673,139.687318233384,477
SHP0004,35.9068493067712,139.687492847443,478
SHP0004,35.9067146033943,139.687575995922,479
SHP0004,35.9065103756939,139.687669873238,480
SHP0004,35.9062887669126,139.687718153,481
SHP0004,35.9060671581313,139.687720835209,482
SHP0004,35.9054848919216,139.687675237656,483
SHP0004,35.9051350976688,139.68766450882,484
SHP0004,35.9049047983471,139.687683284283,485
SHP0004,35.9046959584233,139.68770538328,486
SHP0004,35.9046006294316,139.687715470791,487
SHP0004,35.9042790794352,139.687755703926,488
SHP0004,35.9040248151369,139.687782418813,489
SHP0004,35.9039727378845,139.687787890434,490
SHP0004,35.9036207709966,139.687830805779,491
SHP0004,35.9033796084993,139.687868356705,492
SHP0004,35.903177553434,139.687922000885,493
SHP0004,35.9030146058007,139.687978327274,494
SHP0004,35.9028560034376,139.688023924828,495
SHP0004,35.9027864791141,139.688026607037,496
SHP0004,35.9026582936425,139.688015878201,497
SHP0004,35.9025909419541,139.687994420528,498
SHP0004,35.9024193037803,139.687900543213,499
SHP0004,35.9021281706755,139.687712788582,500
SHP0004,35.902078200068,139.687750339508,501
SHP0004,35.901784894328,139.688149988651,502
SHP0004,35.9017426296946,139.688211074458,503
SHP0004,35.9017007361546,139.688271623916,504
SHP0004,35.9016958162885,139.688278734684,505
SHP0004,35.9014177189943,139.688748121262,506
SHP0004,35.9013547125761,139.688863456249,507
SHP0004,35.9011548301459,139.689244329929,508
SHP0004,35.9010744426468,139.689397215843,509
SHP0004,35.9008397980548,139.689702987671,510
SHP0004,35.9005660460309,139.690040946007,511
SHP0004,35.90045089637,139.690150916576,512
SHP0004,35.9003987531273,139.690207242966,513
SHP0004,35.9000011609021,139.690563976765,514
SHP0004,35.8999772619158,139.690585434437,515
SHP0004,35.8995427348937,139.691162109375,516
SHP0004,35.8993971683413,139.691355228424,517
SHP0004,35.8994927642861,139.69166636467,518
SHP0004,35.8995557707044,139.691897034645,519
SHP0004,35.8995918653585,139.692031055886,520
