shape_id,shape_pt_lat,shape_pt_lon,shape_pt_sequence
SHP0001,35.95061157157,139.692540925923,1
SHP0001,35.9505438099,139.692629277706,2
SHP0001,35.9505047244602,139.692640006542,3
SHP0001,35.9504678104337,139.692631959915,4
SHP0001,35.9503462112877,139.692492485046,5
SHP0001,35.9501963837684,139.692323505878,6
SHP0001,35.9501855267018,139.692275226116,7
SHP0001,35.9501855267018,139.692221581936,8
SHP0001,35.9501963837684,139.692173302174,9
SHP0001,35.9502854117146,139.692049920559,10
SHP0001,35.9504070108607,139.691977500916,11
SHP0001,35.9506198093663,139.69166636467,12
SHP0001,35.9506219807796,139.691663682461,13
SHP0001,35.950752265579,139.691483974457,14
SHP0001,35.9509867782178,139.691162109375,15
SHP0001,35.9512017481367,139.690861701965,16
SHP0001,35.9513298615227,139.690995812416,17
SHP0001,35.9514883568517,139.691162109375,18
SHP0001,35.9518639690697,139.691559076309,19
SHP0001,35.9519616716697,139.69166636467,20
SHP0001,35.9520224643987,139.691733419895,21
SHP0001,35.9521375363498,139.691862165928,22
SHP0001,35.9525348602567,139.69229131937,23
SHP0001,35.9528952742925,139.69166636467,24
SHP0001,35.952945211177,139.691567122936,25
SHP0001,35.9531102200126,139.691226482391,26
SHP0001,35.9531449587149,139.691162109375,27
SHP0001,35.9532556883283,139.690939486027,28
SHP0001,35.9533751026172,139.69068467617,29
SHP0001,35.9535509672973,139.690252840519,30
SHP0001,35.9535588111402,139.690238443811,31
SHP0001,35.9536269582085,139.69011336565,32
SHP0001,35.9537217690163,139.689926231778,33
SHP0001,35.9538158499019,139.689740538597,34
SHP0001,35.9538353904219,139.68970566988,35
SHP0001,35.9540286244531,139.689453542233,36
SHP0001,35.9542696241999,139.689169228077,37
SHP0001,35.9545757590135,139.688823223114,38
SHP0001,35.9546256958979,139.688761532307,39
SHP0001,35.9550251909737,139.688321650028,40
SHP0001,35.9550642720137,139.688276052475,41
SHP0001,35.9552857312405,139.688034653664,42
SHP0001,35.9557633883964,139.687492847443,43
SHP0001,35.9560152439876,139.687203168869,44
SHP0001,35.956047811521,139.687165617943,45
SHP0001,35.9562763603053,139.686892608029,46
SHP0001,35.9563105229567,139.686851799488,47
SHP0001,35.9564907299746,139.686599671841,48
SHP0001,35.9566927197987,139.686330222743,49
SHP0001,35.9569531889482,139.685982763767,50
SHP0001,35.957767377282,139.684837460518,51
SHP0001,35.957845539362,139.684724807739,52
SHP0001,35.9583340523623,139.683981835842,53
SHP0001,35.958457808989,139.683794081211,54
SHP0001,35.9586684123714,139.683458805084,55
SHP0001,35.9587248627625,139.683332741261,56
SHP0001,35.9588160518559,139.683094024658,57
SHP0001,35.9588464482204,139.682962596416,58
SHP0001,35.9589094121182,139.682557582855,59
SHP0001,35.9589484931582,139.682372510433,60
SHP0001,35.9590006012116,139.682187438011,61
SHP0001,35.9590244840693,139.682117700577,62
SHP0001,35.9590809344605,139.681986272335,63
SHP0001,35.9591417271894,139.681868255138,64
SHP0001,35.9593848981051,139.681433737278,65
SHP0001,35.9595629339541,139.68112796545,66
SHP0001,35.959601244603,139.681059452478,67
SHP0001,35.9597909066876,139.68072026968,68
SHP0001,35.9599038074698,139.680519104004,69
SHP0001,35.9600362487721,139.680261611938,70
SHP0001,35.9600775009811,139.68017578125,71
SHP0001,35.9601426360478,139.680030941963,72
SHP0001,35.9602099422834,139.679861962795,73
SHP0001,35.9602229692967,139.679827094078,74
SHP0001,35.9604465745133,139.679274559021,75
SHP0001,35.960520385944,139.679097533226,76
SHP0001,35.9608373409113,139.678346514702,77
SHP0001,35.9609936474705,139.678000509739,78
SHP0001,35.9611608086518,139.677619636059,79
SHP0001,35.9614017812639,139.677069783211,80
SHP0001,35.9614669089969,139.676919579506,81
SHP0001,35.9616188737072,139.676621854305,82
SHP0001,35.9619097775812,139.676203429699,83
SHP0001,35.9620725969137,139.675919115543,84
SHP0001,35.9621181863268,139.675825238228,85
SHP0001,35.962274492886,139.67543900013,86
SHP0001,35.9623157404502,139.675345122814,87
SHP0001,35.9624111191703,139.67512156997,88
SHP0001,35.9624351269336,139.675065299517,89
SHP0001,35.9624633633117,139.674999117851,90
SHP0001,35.9626023024754,139.674712121487,91
SHP0001,35.9627781473545,139.674409031868,92
SHP0001,35.9628519587852,139.674288332462,93
SHP0001,35.9628953772739,139.674207866192,94
SHP0001,35.9630907604729,139.673851132393,95
SHP0001,35.9632622635031,139.673556089401,96
SHP0001,35.9635010651907,139.673167169094,97
SHP0001,35.9636617135988,139.672888219357,98
SHP0001,35.963714254043,139.67280215848,99
SHP0001,35.963948275624,139.672418832779,100
SHP0001,35.9640524799967,139.672282040119,101
SHP0001,35.9642500341202,139.672056734562,102
SHP0001,35.9642934526088,139.671992361546,103
SHP0001,35.9643173327776,139.671936035156,104
SHP0001,35.9643368710975,139.671855568886,105
SHP0001,35.964334700173,139.671759009361,106
SHP0001,35.9642934526088,139.671667814255,107
SHP0001,35.964254375969,139.671576619148,108
SHP0001,35.9640546509212,139.671144783497,109
SHP0001,35.9640264289035,139.671045541763,110
SHP0001,35.9640372835257,139.67091947794,111
SHP0001,35.9640568218456,139.670857787132,112
SHP0001,35.9640807020144,139.670798778534,113
SHP0001,35.9641154368053,139.670739769936,114
SHP0001,35.9641545134451,139.670702219009,115
SHP0001,35.9642739142889,139.670659303665,116
SHP0001,35.9644844939589,139.670670032501,117
SHP0001,35.9645778437096,139.670651257038,118
SHP0001,35.9650076867473,139.67034548521,119
SHP0001,35.9651974960432,139.670216441475,120
SHP0001,35.9654179914652,139.670066535473,121
SHP0001,35.9660953198883,139.66964006424,122
SHP0001,35.9663102414072,139.669519364834,123
SHP0001,35.9665816069613,139.669369161129,124
SHP0001,35.9666684439387,139.669320881367,125
SHP0001,35.9667965284802,139.669248461723,126
SHP0001,35.9667965284802,139.669189453125,127
SHP0001,35.9668030412535,139.669117033482,128
SHP0001,35.9668377760444,139.66903924942,129
SHP0001,35.9669137583996,139.668942689896,130
SHP0001,35.9671851239537,139.668634235859,131
SHP0001,35.9672502516867,139.668572545052,132
SHP0001,35.9676431890091,139.668108522892,133
SHP0001,35.9680296135582,139.667671322823,134
SHP0001,35.9684138671829,139.667226076126,135
SHP0001,35.9685766865154,139.667027592659,136
SHP0001,35.9687221384524,139.666839838028,137
SHP0001,35.9688176591275,139.666665494442,138
SHP0001,35.9690173841753,139.666255116463,139
SHP0001,35.9691150757748,139.666075408459,140
SHP0001,35.9693929228086,139.665697216988,141
SHP0001,35.969551382445,139.66541826725,142
SHP0001,35.9697944680157,139.66492411078,143
SHP0001,35.9698878378375,139.664734303951,144
SHP0001,35.9700940524329,139.664299786091,145
SHP0001,35.9702329759498,139.664082527161,146
SHP0001,35.970265536149,139.664018154144,147
SHP0001,35.9702915843085,139.663929641247,148
SHP0001,35.9703697287867,139.663460254669,149
SHP0001,35.9703936062662,139.663374423981,150
SHP0001,35.9704305078253,139.663299322128,151
SHP0001,35.9705260177432,139.663157165051,152
SHP0001,35.9707040134992,139.662851393223,153
SHP0001,35.9708277422564,139.662620723248,154
SHP0001,35.9709123987746,139.662497341633,155
SHP0001,35.9709666657733,139.662443697453,156
SHP0001,35.9710882238506,139.662363231182,157
SHP0001,35.9717177210365,139.662108421326,158
SHP0001,35.9719543251512,139.662017226219,159
SHP0001,35.9720780539085,139.661952853203,160
SHP0001,35.9724362161004,139.661751687527,161
SHP0001,35.9725925050569,139.66163367033,162
SHP0001,35.9726988683746,139.661518335342,163
SHP0001,35.9727922076125,139.661381542683,164
SHP0001,35.9728464746112,139.661298394203,165
SHP0001,35.9729161462187,139.661196162341,166
SHP0001,35.9729769854331,139.661106890593,167
SHP0001,35.9730548598866,139.660992622375,168
SHP0001,35.9730961028057,139.66092556715,169
SHP0001,35.9732567331221,139.660673439503,170
SHP0001,35.9734542649976,139.660364985466,171
SHP0001,35.9735497749155,139.660220146179,172
SHP0001,35.9736821863925,139.660016298294,173
SHP0001,35.9738297926292,139.659815132618,174
SHP0001,35.9740338365447,139.65959250927,175
SHP0001,35.9741163223828,139.659522771835,176
SHP0001,35.9742899767789,139.659396708012,177
SHP0001,35.9743507558176,139.659361839294,178
SHP0001,35.9745417756533,139.65923845768,179
SHP0001,35.975001959803,139.658946096897,180
SHP0001,35.9750844456411,139.658887088299,181
SHP0001,35.975001959803,139.658718109131,182
SHP0001,35.9748881268764,139.658497948638,183
SHP0001,35.9748098332188,139.658346523468,184
SHP0001,35.9748022572474,139.658331871033,185
SHP0001,35.9747827211279,139.658291637897,186
SHP0001,35.9747501609286,139.65822994709,187
SHP0001,35.9747371368489,139.658203125,188
SHP0001,35.9746481389709,139.658026099205,189
SHP0001,35.9744484364154,139.657642543316,190
SHP0001,35.9741879548212,139.657127559185,191
SHP0001,35.9740099590652,139.656794965267,192
SHP0001,35.9747718677281,139.656250476837,193
SHP0001,35.975001959803,139.656081497669,194
SHP0001,35.9750538305582,139.656043667576,195
SHP0001,35.97557936067,139.655660390854,196
SHP0001,35.975624944949,139.655628204346,197
SHP0001,35.9762479300951,139.655169546604,198
SHP0001,35.9771292261553,139.654641151428,199
SHP0001,35.9773983904693,139.654464125633,200
SHP0001,35.9780061808557,139.65409129858,201
SHP0001,35.9783187235598,139.653903543949,202
SHP0001,35.9787586601042,139.653624180944,203
SHP0001,35.978810645421,139.653591169878,204
SHP0001,35.9790241150793,139.653455615044,205
SHP0001,35.9795971100368,139.653098881245,206
SHP0001,35.979744699647,139.652951359749,207
SHP0001,35.979983447546,139.653147161007,208
SHP0001,35.9801896389132,139.653281271458,209
SHP0001,35.9806107033895,139.653584361076,210
SHP0001,35.9811771870407,139.653930366039,211
SHP0001,35.981203232266,139.653943777084,212
SHP0001,35.9812336183622,139.65373724699,213
SHP0001,35.9812292774913,139.653675556183,214
SHP0001,35.9811945505242,139.653632640839,215
SHP0001,35.9809840182861,139.653552174568,216
SHP0001,35.9808776669493,139.653474390507,217
SHP0001,35.980847280853,139.653434157372,218
SHP0001,35.9808385991113,139.653393924236,219
SHP0001,35.9808494512885,139.653313457966,220
SHP0001,35.9808754965138,139.653270542622,221
SHP0001,35.9809275869645,139.653232991695,222
SHP0001,35.980988359157,139.653232991695,223
SHP0001,35.9813291175218,139.653428792953,224
SHP0001,35.9813660149244,139.653528034687,225
SHP0001,35.9813508112555,139.653631924527,226
SHP0002,35.95061157157,139.692540925923,1
SHP0002,35.9505438099,139.692629277706,2
SHP0002,35.9505047244602,139.692640006542,3
SHP0002,35.9504678104337,139.692631959915,4
SHP0002,35.9503462112877,139.692492485046,5
SHP0002,35.9501963837684,139.692323505878,6
SHP0002,35.9501855267018,139.692275226116,7
SHP0002,35.9501855267018,139.692221581936,8
SHP0002,35.9501963837684,139.692173302174,9
SHP0002,35.9502854117146,139.692049920559,10
SHP0002,35.9504070108607,139.691977500916,11
SHP0002,35.9506198093663,139.69166636467,12
SHP0002,35.9506219807796,139.691663682461,13
SHP0002,35.950752265579,139.691483974457,14
SHP0002,35.9509867782178,139.691162109375,15
SHP0002,35.9512017481367,139.690861701965,16
SHP0002,35.9513298615227,139.690995812416,17
SHP0002,35.9514883568517,139.691162109375,18
SHP0002,35.9518639690697,139.691559076309,19
SHP0002,35.9519616716697,139.69166636467,20
SHP0002,35.9520224643987,139.691733419895,21
SHP0002,35.9521375363498,139.691862165928,22
SHP0002,35.9525348602567,139.69229131937,23
SHP0002,35.9528952742925,139.69166636467,24
SHP0002,35.952945211177,139.691567122936,25
SHP0002,35.9531102200126,139.691226482391,26
SHP0002,35.9531449587149,139.691162109375,27
SHP0002,35.9532556883283,139.690939486027,28
SHP0002,35.9533751026172,139.69068467617,29
SHP0002,35.9535509672973,139.690252840519,30
SHP0002,35.9535588111402,139.690238443811,31
SHP0002,35.9536269582085,139.69011336565,32
SHP0002,35.9537217690163,139.689926231778,33
SHP0002,35.9538158499019,139.689740538597,34
SHP0002,35.9538353904219,139.68970566988,35
SHP0002,35.9540286244531,139.689453542233,36
SHP0002,35.9542696241999,139.689169228077,37
SHP0002,35.9545757590135,139.688823223114,38
SHP0002,35.9546256958979,139.688761532307,39
SHP0002,35.9550251909737,139.688321650028,40
SHP0002,35.9550642720137,139.688276052475,41
SHP0002,35.9552857312405,139.688034653664,42
SHP0002,35.9557633883964,139.687492847443,43
SHP0002,35.9560152439876,139.687203168869,44
SHP0002,35.956047811521,139.687165617943,45
SHP0002,35.9562763603053,139.686892608029,46
SHP0002,35.9563105229567,139.686851799488,47
SHP0002,35.9564907299746,139.686599671841,48
SHP0002,35.9566927197987,139.686330222743,49
SHP0002,35.9569531889482,139.685982763767,50
SHP0002,35.957767377282,139.684837460518,51
SHP0002,35.957845539362,139.684724807739,52
SHP0002,35.9583340523623,139.683981835842,53
SHP0002,35.958457808989,139.683794081211,54
SHP0002,35.9586684123714,139.683458805084,55
SHP0002,35.9587248627625,139.683332741261,56
SHP0002,35.9588160518559,139.683094024658,57
SHP0002,35.9588464482204,139.682962596416,58
SHP0002,35.9589094121182,139.682557582855,59
SHP0002,35.9589484931582,139.682372510433,60
SHP0002,35.9590006012116,139.682187438011,61
SHP0002,35.9590244840693,139.682117700577,62
SHP0002,35.9590809344605,139.681986272335,63
SHP0002,35.9591417271894,139.681868255138,64
SHP0002,35.9593848981051,139.681433737278,65
SHP0002,35.9595629339541,139.68112796545,66
SHP0002,35.959601244603,139.681059452478,67
SHP0002,35.9597909066876,139.68072026968,68
SHP0002,35.9599038074698,139.680519104004,69
SHP0002,35.9600362487721,139.680261611938,70
SHP0002,35.9600775009811,139.68017578125,71
SHP0002,35.9601426360478,139.680030941963,72
SHP0002,35.9602099422834,139.679861962795,73
SHP0002,35.9602229692967,139.679827094078,74
SHP0002,35.9604465745133,139.679274559021,75
SHP0002,35.960520385944,139.679097533226,76
SHP0002,35.9608373409113,139.678346514702,77
SHP0002,35.9609936474705,139.678000509739,78
SHP0002,35.9611608086518,139.677619636059,79
SHP0002,35.9614017812639,139.677069783211,80
SHP0002,35.9614669089969,139.676919579506,81
SHP0002,35.9616188737072,139.676621854305,82
SHP0002,35.9619097775812,139.676203429699,83
SHP0002,35.9620725969137,139.675919115543,84
SHP0002,35.9621181863268,139.675825238228,85
SHP0002,35.962274492886,139.67543900013,86
SHP0002,35.9623157404502,139.675345122814,87
SHP0002,35.9624111191703,139.67512156997,88
SHP0002,35.9624351269336,139.675065299517,89
SHP0002,35.9624633633117,139.674999117851,90
SHP0002,35.9626023024754,139.674712121487,91
SHP0002,35.9627781473545,139.674409031868,92
SHP0002,35.9628519587852,139.674288332462,93
SHP0002,35.9628953772739,139.674207866192,94
SHP0002,35.9630907604729,139.673851132393,95
SHP0002,35.9632622635031,139.673556089401,96
SHP0002,35.9635010651907,139.673167169094,97
SHP0002,35.9636617135988,139.672888219357,98
SHP0002,35.963714254043,139.67280215848,99
SHP0002,35.963948275624,139.672418832779,100
SHP0002,35.9640524799967,139.672282040119,101
SHP0002,35.9642500341202,139.672056734562,102
SHP0002,35.9642934526088,139.671992361546,103
SHP0002,35.9643173327776,139.671936035156,104
SHP0002,35.9643368710975,139.671855568886,105
SHP0002,35.964334700173,139.671759009361,106
SHP0002,35.9642934526088,139.671667814255,107
SHP0002,35.964254375969,139.671576619148,108
SHP0002,35.9640546509212,139.671144783497,109
SHP0002,35.9640264289035,139.671045541763,110
SHP0002,35.9640372835257,139.67091947794,111
SHP0002,35.9640568218456,139.670857787132,112
SHP0002,35.9640807020144,139.670798778534,113
SHP0002,35.9641154368053,139.670739769936,114
SHP0002,35.9641545134451,139.670702219009,115
SHP0002,35.9642739142889,139.670659303665,116
SHP0002,35.9644844939589,139.670670032501,117
SHP0002,35.9645778437096,139.670651257038,118
SHP0002,35.9650076867473,139.67034548521,119
SHP0002,35.9651974960432,139.670216441475,120
SHP0002,35.9654179914652,139.670066535473,121
SHP0002,35.9660953198883,139.66964006424,122
SHP0002,35.9663102414072,139.669519364834,123
SHP0002,35.9665816069613,139.669369161129,124
SHP0002,35.9666684439387,139.669320881367,125
SHP0002,35.9667965284802,139.669248461723,126
SHP0002,35.9667965284802,139.669189453125,127
SHP0002,35.9668030412535,139.669117033482,128
SHP0002,35.9668377760444,139.66903924942,129
SHP0002,35.9669137583996,139.668942689896,130
SHP0002,35.9671851239537,139.668634235859,131
SHP0002,35.9672502516867,139.668572545052,132
SHP0002,35.9676431890091,139.668108522892,133
SHP0002,35.9680296135582,139.667671322823,134
SHP0002,35.9684138671829,139.667226076126,135
SHP0002,35.9685766865154,139.667027592659,136
SHP0002,35.9687221384524,139.666839838028,137
SHP0002,35.9688176591275,139.666665494442,138
SHP0002,35.9690173841753,139.666255116463,139
SHP0002,35.9691150757748,139.666075408459,140
SHP0002,35.9693929228086,139.665697216988,141
SHP0002,35.969551382445,139.66541826725,142
SHP0002,35.9697944680157,139.66492411078,143
SHP0002,35.9698878378375,139.664734303951,144
SHP0002,35.9700940524329,139.664299786091,145
SHP0002,35.9702329759498,139.664082527161,146
SHP0002,35.970265536149,139.664018154144,147
SHP0002,35.9702915843085,139.663929641247,148
SHP0002,35.9703697287867,139.663460254669,149
SHP0002,35.9703936062662,139.663374423981,150
SHP0002,35.9704305078253,139.663299322128,151
SHP0002,35.9705260177432,139.663157165051,152
SHP0002,35.9707040134992,139.662851393223,153
SHP0002,35.9708277422564,139.662620723248,154
SHP0002,35.9709123987746,139.662497341633,155
SHP0002,35.9709666657733,139.662443697453,156
SHP0002,35.9710882238506,139.662363231182,157
SHP0002,35.9717177210365,139.662108421326,158
SHP0002,35.9719543251512,139.662017226219,159
SHP0002,35.9720780539085,139.661952853203,160
SHP0002,35.9724362161004,139.661751687527,161
SHP0002,35.9725925050569,139.66163367033,162
SHP0002,35.9726988683746,139.661518335342,163
SHP0002,35.9727922076125,139.661381542683,164
SHP0002,35.9728464746112,139.661298394203,165
SHP0002,35.9729161462187,139.661196162341,166
SHP0002,35.9729769854331,139.661106890593,167
SHP0002,35.9730548598866,139.660992622375,168
SHP0002,35.9730961028057,139.66092556715,169
SHP0002,35.9732567331221,139.660673439503,170
SHP0002,35.9734542649976,139.660364985466,171
SHP0002,35.9735497749155,139.660220146179,172
SHP0002,35.9736821863925,139.660016298294,173
SHP0002,35.9738297926292,139.659815132618,174
SHP0002,35.9740338365447,139.65959250927,175
SHP0002,35.9741163223828,139.659522771835,176
SHP0002,35.9742899767789,139.659396708012,177
SHP0002,35.9743507558176,139.659361839294,178
SHP0002,35.9745417756533,139.65923845768,179
SHP0002,35.975001959803,139.658946096897,180
SHP0002,35.9750844456411,139.658887088299,181
SHP0002,35.975001959803,139.658718109131,182
SHP0002,35.9748881268764,139.658497948638,183
SHP0002,35.9748098332188,139.658346523468,184
SHP0002,35.9748022572474,139.658331871033,185
SHP0002,35.9747827211279,139.658291637897,186
SHP0002,35.9747501609286,139.65822994709,187
SHP0002,35.9747371368489,139.658203125,188
SHP0002,35.9746481389709,139.658026099205,189
SHP0002,35.9744484364154,139.657642543316,190
SHP0002,35.9741879548212,139.657127559185,191
SHP0002,35.9740099590652,139.656794965267,192
SHP0002,35.9747718677281,139.656250476837,193
SHP0002,35.975001959803,139.656081497669,194
SHP0002,35.9750538305582,139.656043667576,195
SHP0002,35.97557936067,139.655660390854,196
SHP0002,35.975624944949,139.655628204346,197
SHP0002,35.9762479300951,139.655169546604,198
SHP0002,35.9771292261553,139.654641151428,199
SHP0002,35.9773983904693,139.654464125633,200
SHP0002,35.9780061808557,139.65409129858,201
SHP0002,35.9783187235598,139.653903543949,202
SHP0002,35.9787586601042,139.653624180944,203
SHP0002,35.978810645421,139.653591169878,204
SHP0002,35.9790241150793,139.653455615044,205
SHP0002,35.9795971100368,139.653098881245,206
SHP0002,35.979744699647,139.652951359749,207
SHP0002,35.979983447546,139.653147161007,208
SHP0002,35.9801896389132,139.653281271458,209
SHP0002,35.9806107033895,139.653584361076,210
SHP0002,35.9811771870407,139.653930366039,211
SHP0002,35.981203232266,139.653943777084,212
SHP0002,35.9812336183622,139.65373724699,213
SHP0002,35.9812292774913,139.653675556183,214
SHP0002,35.9811945505242,139.653632640839,215
SHP0002,35.9809840182861,139.653552174568,216
SHP0002,35.9808776669493,139.653474390507,217
SHP0002,35.980847280853,139.653434157372,218
SHP0002,35.9808385991113,139.653393924236,219
SHP0002,35.9808494512885,139.653313457966,220
SHP0002,35.9808754965138,139.653270542622,221
SHP0002,35.9809275869645,139.653232991695,222
SHP0002,35.980988359157,139.653232991695,223
SHP0002,35.9813291175218,139.653428792953,224
SHP0002,35.9813660149244,139.653528034687,225
SHP0002,35.9813508112555,139.653631924527,226
SHP0002,35.9813291175218,139.653780162334,227
SHP0002,35.981300901861,139.653992056847,228
SHP0002,35.981203232266,139.653943777084,229
SHP0002,35.9811771870407,139.653930366039,230
SHP0002,35.9806107033895,139.653584361076,231
SHP0002,35.9801896389132,139.653281271458,232
SHP0002,35.979983447546,139.653147161007,233
SHP0002,35.979744699647,139.652951359749,234
SHP0002,35.9795971100368,139.653098881245,235
SHP0002,35.9790241150793,139.653455615044,236
SHP0002,35.978810645421,139.653591169878,237
SHP0002,35.9787586601042,139.653624180944,238
SHP0002,35.9783187235598,139.653903543949,239
SHP0002,35.9780061808557,139.65409129858,240
SHP0002,35.9773983904693,139.654464125633,241
SHP0002,35.9771292261553,139.654641151428,242
SHP0002,35.9762479300951,139.655169546604,243
SHP0002,35.975624944949,139.655628204346,244
SHP0002,35.97557936067,139.655660390854,245
SHP0002,35.9750538305582,139.656043667576,246
SHP0002,35.975001959803,139.656081497669,247
SHP0002,35.9747718677281,139.656250476837,248
SHP0002,35.9740099590652,139.656794965267,249
SHP0002,35.9737798669903,139.656411409378,250
SHP0002,35.9734694597573,139.655901789665,251
SHP0002,35.9733714252472,139.65574613212,252
SHP0002,35.9730505185267,139.65523660183,253
SHP0002,35.9727631816893,139.654763846546,254
SHP0002,35.9726511134156,139.654579460621,255
SHP0002,35.9723906318215,139.654166400433,256
SHP0002,35.9723081459833,139.654005467892,257
SHP0002,35.9722430255848,139.653852581978,258
SHP0002,35.9721713931464,139.653648734093,259
SHP0002,35.9721149554676,139.653418064117,260
SHP0002,35.9720889073082,139.653270542622,261
SHP0002,35.9720650298287,139.653010368347,262
SHP0002,35.9720628591488,139.652787744999,263
SHP0002,35.9721149554676,139.652194976807,264
SHP0002,35.972143174307,139.651948213577,265
SHP0002,35.9721930999459,139.65164244175,266
SHP0002,35.9722712444241,139.651312530041,267
SHP0002,35.9722720512,139.651309856015,268
SHP0002,35.9723168497284,139.651161373097,269
SHP0002,35.97245575222,139.650700986385,270
SHP0002,35.9722061240256,139.650623202324,271
SHP0002,35.9720476643891,139.650599062443,272
SHP0002,35.9717785000752,139.650582969189,273
SHP0002,35.9716591126778,139.650593698025,274
SHP0002,35.9715375546006,139.650620520115,275
SHP0002,35.9712900970861,139.650698304176,276
SHP0002,35.9711707096888,139.650746583939,277
SHP0002,35.9710578343313,139.650802910328,278
SHP0002,35.9708581317758,139.65093433857,279
SHP0002,35.9706866480596,139.651055037975,280
SHP0002,35.9700159079546,139.651548564434,281
SHP0002,35.9699790063955,139.651578068733,282
SHP0002,35.9694254830079,139.651999175549,283
SHP0002,35.9692995835707,139.652098417282,284
SHP0002,35.9691150757748,139.652262032032,285
SHP0002,35.9691063920771,139.652270078659,286
SHP0002,35.9686960873592,139.65264827013,287
SHP0002,35.9683704486942,139.652943313122,288
SHP0002,35.968314004659,139.652986228466,289
SHP0002,35.9680600065003,139.653214216232,290
SHP0002,35.9680100752383,139.653249084949,291
SHP0002,35.9678928453189,139.65332955122,292
SHP0002,35.9676149669915,139.653517305851,293
SHP0002,35.9674174128681,139.653613865376,294
SHP0002,35.9672524226112,139.653672873974,295
SHP0002,35.9670657021208,139.653712323832,296
SHP0002,35.9671048873507,139.653911590576,297
SHP0002,35.9675520827224,139.653884768486,298
SHP0002,35.9675781328602,139.654179811478,299
SHP0003,35.9813508112555,139.653631924527,1
SHP0003,35.9813291175218,139.653780162334,2
SHP0003,35.981300901861,139.653992056847,3
SHP0003,35.981203232266,139.653943777084,4
SHP0003,35.9811771870407,139.653930366039,5
SHP0003,35.9806107033895,139.653584361076,6
SHP0003,35.9801896389132,139.653281271458,7
SHP0003,35.979983447546,139.653147161007,8
SHP0003,35.979744699647,139.652951359749,9
SHP0003,35.9795971100368,139.653098881245,10
SHP0003,35.9790241150793,139.653455615044,11
SHP0003,35.978810645421,139.653591169878,12
SHP0003,35.9787586601042,139.653624180944,13
SHP0003,35.9783187235598,139.653903543949,14
SHP0003,35.9780061808557,139.65409129858,15
SHP0003,35.9773983904693,139.654464125633,16
SHP0003,35.9771292261553,139.654641151428,17
SHP0003,35.9762479300951,139.655169546604,18
SHP0003,35.975624944949,139.655628204346,19
SHP0003,35.97557936067,139.655660390854,20
SHP0003,35.9750538305582,139.656043667576,21
SHP0003,35.975001959803,139.656081497669,22
SHP0003,35.9747718677281,139.656250476837,23
SHP0003,35.9740099590652,139.656794965267,24
SHP0003,35.9741879548212,139.657127559185,25
SHP0003,35.9744484364154,139.657642543316,26
SHP0003,35.9746481389709,139.658026099205,27
SHP0003,35.9747371368489,139.658203125,28
SHP0003,35.9747501609286,139.65822994709,29
SHP0003,35.9747827211279,139.658291637897,30
SHP0003,35.9748022572474,139.658331871033,31
SHP0003,35.9748098332188,139.658346523468,32
SHP0003,35.9748881268764,139.658497948638,33
SHP0003,35.975001959803,139.658718109131,34
SHP0003,35.9750844456411,139.658887088299,35
SHP0003,35.975001959803,139.658946096897,36
SHP0003,35.9745417756533,139.65923845768,37
SHP0003,35.9743507558176,139.659361839294,38
SHP0003,35.9742899767789,139.659396708012,39
SHP0003,35.9741163223828,139.659522771835,40
SHP0003,35.9740338365447,139.65959250927,41
SHP0003,35.9738297926292,139.659815132618,42
SHP0003,35.9736821863925,139.660016298294,43
SHP0003,35.9735497749155,139.660220146179,44
SHP0003,35.9734542649976,139.660364985466,45
SHP0003,35.9732567331221,139.660673439503,46
SHP0003,35.9730961028057,139.66092556715,47
SHP0003,35.9730548598866,139.660992622375,48
SHP0003,35.9729769854331,139.661106890593,49
SHP0003,35.9729161462187,139.661196162341,50
SHP0003,35.9728464746112,139.661298394203,51
SHP0003,35.9727922076125,139.661381542683,52
SHP0003,35.9726988683746,139.661518335342,53
SHP0003,35.9725925050569,139.66163367033,54
SHP0003,35.9724362161004,139.661751687527,55
SHP0003,35.9720780539085,139.661952853203,56
SHP0003,35.9719543251512,139.662017226219,57
SHP0003,35.9717177210365,139.662108421326,58
SHP0003,35.9710882238506,139.662363231182,59
SHP0003,35.9709666657733,139.662443697453,60
SHP0003,35.9709123987746,139.662497341633,61
SHP0003,35.9708277422564,139.662620723248,62
SHP0003,35.9707040134992,139.662851393223,63
SHP0003,35.9705260177432,139.663157165051,64
SHP0003,35.9704305078253,139.663299322128,65
SHP0003,35.9703936062662,139.663374423981,66
SHP0003,35.9703697287867,139.663460254669,67
SHP0003,35.9702915843085,139.663929641247,68
SHP0003,35.970265536149,139.664018154144,69
SHP0003,35.9702329759498,139.664082527161,70
SHP0003,35.9700940524329,139.664299786091,71
SHP0003,35.9698878378375,139.664734303951,72
SHP0003,35.9697944680157,139.66492411078,73
SHP0003,35.969551382445,139.66541826725,74
SHP0003,35.9693929228086,139.665697216988,75
SHP0003,35.9697901572397,139.66607272625,76
SHP0003,35.9699073739571,139.666158556938,77
SHP0003,35.9700658335935,139.666249752045,78
SHP0003,35.9702829015887,139.66639727354,79
SHP0003,35.9705433831828,139.666571617126,80
SHP0003,35.9705607486224,139.666630625725,81
SHP0003,35.9705694313422,139.666665494442,82
SHP0003,35.9706432344606,139.666922986507,83
SHP0003,35.9708624731357,139.66762304306,84
SHP0003,35.9708885212951,139.667695462704,85
SHP0003,35.9705433831828,139.667810797691,86
SHP0003,35.9700311027143,139.668036103249,87
SHP0003,35.9694341657277,139.668315052986,88
SHP0003,35.9691150757748,139.668481349945,89
SHP0003,35.9683574231476,139.668897092342,90
SHP0003,35.9681859201174,139.669004380703,91
SHP0003,35.9678646233013,139.669189453125,92
SHP0003,35.9676062832938,139.669336974621,93
SHP0003,35.9666684439387,139.669935107231,94
SHP0003,35.9650641307826,139.671064317226,95
SHP0003,35.9642934526088,139.671667814255,96
SHP0003,35.964334700173,139.671759009361,97
SHP0003,35.9643368710975,139.671855568886,98
SHP0003,35.9643173327776,139.671936035156,99
SHP0003,35.9642934526088,139.671992361546,100
SHP0003,35.9642500341202,139.672056734562,101
SHP0003,35.9640524799967,139.672282040119,102
SHP0003,35.963948275624,139.672418832779,103
SHP0003,35.963714254043,139.67280215848,104
SHP0003,35.9636617135988,139.672888219357,105
SHP0003,35.9635010651907,139.673167169094,106
SHP0003,35.9632622635031,139.673556089401,107
SHP0003,35.9630907604729,139.673851132393,108
SHP0003,35.9628953772739,139.674207866192,109
SHP0003,35.9628519587852,139.674288332462,110
SHP0003,35.9627781473545,139.674409031868,111
SHP0003,35.9626023024754,139.674712121487,112
SHP0003,35.9624633633117,139.674999117851,113
SHP0003,35.9624351269336,139.675065299517,114
SHP0003,35.9624111191703,139.67512156997,115
SHP0003,35.9623157404502,139.675345122814,116
SHP0003,35.962274492886,139.67543900013,117
SHP0003,35.9621181863268,139.675825238228,118
SHP0003,35.9620725969137,139.675919115543,119
SHP0003,35.9619097775812,139.676203429699,120
SHP0003,35.9616188737072,139.676621854305,121
SHP0003,35.9614669089969,139.676919579506,122
SHP0003,35.9614017812639,139.677069783211,123
SHP0003,35.9611608086518,139.677619636059,124
SHP0003,35.9609936474705,139.678000509739,125
SHP0003,35.9608373409113,139.678346514702,126
SHP0003,35.960520385944,139.679097533226,127
SHP0003,35.9604465745133,139.679274559021,128
SHP0003,35.9602229692967,139.679827094078,129
SHP0003,35.9602099422834,139.679861962795,130
SHP0003,35.9601426360478,139.680030941963,131
SHP0003,35.9600775009811,139.68017578125,132
SHP0003,35.9600362487721,139.680261611938,133
SHP0003,35.9599038074698,139.680519104004,134
SHP0003,35.9597909066876,139.68072026968,135
SHP0003,35.959601244603,139.681059452478,136
SHP0003,35.9595629339541,139.68112796545,137
SHP0003,35.9593848981051,139.681433737278,138
SHP0003,35.9591417271894,139.681868255138,139
SHP0003,35.9590809344605,139.681986272335,140
SHP0003,35.9590244840693,139.682117700577,141
SHP0003,35.9590006012116,139.682187438011,142
SHP0003,35.9589484931582,139.682372510433,143
SHP0003,35.9589094121182,139.682557582855,144
SHP0003,35.9588464482204,139.682962596416,145
SHP0003,35.9588160518559,139.683094024658,146
SHP0003,35.9587248627625,139.683332741261,147
SHP0003,35.9586684123714,139.683458805084,148
SHP0003,35.958457808989,139.683794081211,149
SHP0003,35.9583340523623,139.683981835842,150
SHP0003,35.957845539362,139.684724807739,151
SHP0003,35.957767377282,139.684837460518,152
SHP0003,35.9569531889482,139.685982763767,153
SHP0003,35.9566927197987,139.686330222743,154
SHP0003,35.9564907299746,139.686599671841,155
SHP0003,35.9563105229567,139.686851799488,156
SHP0003,35.9562763603053,139.686892608029,157
SHP0003,35.956047811521,139.687165617943,158
SHP0003,35.9560152439876,139.687203168869,159
SHP0003,35.9557633883964,139.687492847443,160
SHP0003,35.9552857312405,139.688034653664,161
SHP0003,35.9550642720137,139.688276052475,162
SHP0003,35.9550251909737,139.688321650028,163
SHP0003,35.9546256958979,139.688761532307,164
SHP0003,35.9545757590135,139.688823223114,165
SHP0003,35.9542696241999,139.689169228077,166
SHP0003,35.9540286244531,139.689453542233,167
SHP0003,35.9538353904219,139.68970566988,168
SHP0003,35.9538158499019,139.689740538597,169
SHP0003,35.9537217690163,139.689926231778,170
SHP0003,35.9536269582085,139.69011336565,171
SHP0003,35.9535588111402,139.690238443811,172
SHP0003,35.9535509672973,139.690252840519,173
SHP0003,35.9533751026172,139.69068467617,174
SHP0003,35.9532556883283,139.690939486027,175
SHP0003,35.9531449587149,139.691162109375,176
SHP0003,35.9531102200126,139.691226482391,177
SHP0003,35.952945211177,139.691567122936,178
SHP0003,35.9528952742925,139.69166636467,179
SHP0003,35.9525348602567,139.69229131937,180
SHP0003,35.9521375363498,139.691862165928,181
SHP0003,35.9520224643987,139.691733419895,182
SHP0003,35.9519616716697,139.69166636467,183
SHP0003,35.9518639690697,139.691559076309,184
SHP0003,35.9514883568517,139.691162109375,185
SHP0003,35.9513298615227,139.690995812416,186
SHP0003,35.9512017481367,139.690861701965,187
SHP0003,35.9509867782178,139.691162109375,188
SHP0003,35.950752265579,139.691483974457,189
SHP0003,35.9506219807796,139.691663682461,190
SHP0003,35.9506198093663,139.69166636467,191
SHP0003,35.9504070108607,139.691977500916,192
SHP0003,35.9504135251007,139.692049920559,193
SHP0003,35.9504352392339,139.69210088253,194
SHP0003,35.9504612961938,139.692143797874,195
SHP0003,35.9505394670734,139.692221581936,196
SHP0003,35.9506502091528,139.692331552505,197
SHP0003,35.9506697518727,139.692390561104,198
SHP0003,35.950671923286,139.692436158657,199
SHP0003,35.9506610662194,139.692476391792,200
SHP0003,35.95061157157,139.692540925923,201
SHP0004,35.9675781328602,139.654179811478,1
SHP0004,35.9674305152992,139.654195904732,2
SHP0004,35.9673957817154,139.654002785683,3
SHP0004,35.9671352793494,139.654024243355,4
SHP0004,35.9671048873507,139.653911590576,5
SHP0004,35.9670657021208,139.653712323832,6
SHP0004,35.9672524226112,139.653672873974,7
SHP0004,35.9674174128681,139.653613865376,8
SHP0004,35.9676149669915,139.653517305851,9
SHP0004,35.9678928453189,139.65332955122,10
SHP0004,35.9680100752383,139.653249084949,11
SHP0004,35.9680600065003,139.653214216232,12
SHP0004,35.968314004659,139.652986228466,13
SHP0004,35.9683704486942,139.652943313122,14
SHP0004,35.9686960873592,139.65264827013,15
SHP0004,35.9691063920771,139.652270078659,16
SHP0004,35.9691150757748,139.652262032032,17
SHP0004,35.9692995835707,139.652098417282,18
SHP0004,35.9694254830079,139.651999175549,19
SHP0004,35.9699790063955,139.651578068733,20
SHP0004,35.9700159079546,139.651548564434,21
SHP0004,35.9706866480596,139.651055037975,22
SHP0004,35.9708581317758,139.65093433857,23
SHP0004,35.9710578343313,139.650802910328,24
SHP0004,35.9711707096888,139.650746583939,25
SHP0004,35.9712900970861,139.650698304176,26
SHP0004,35.9715375546006,139.650620520115,27
SHP0004,35.9716591126778,139.650593698025,28
SHP0004,35.9717785000752,139.650582969189,29
SHP0004,35.9720476643891,139.650599062443,30
SHP0004,35.9722061240256,139.650623202324,31
SHP0004,35.97245575222,139.650700986385,32
SHP0004,35.9723168497284,139.651161373097,33
SHP0004,35.9722720512,139.651309856015,34
SHP0004,35.9722712444241,139.651312530041,35
SHP0004,35.9721930999459,139.65164244175,36
SHP0004,35.972143174307,139.651948213577,37
SHP0004,35.9721149554676,139.652194976807,38
SHP0004,35.9720628591488,139.652787744999,39
SHP0004,35.9720650298287,139.653010368347,40
SHP0004,35.9720889073082,139.653270542622,41
SHP0004,35.9721149554676,139.653418064117,42
SHP0004,35.9721713931464,139.653648734093,43
SHP0004,35.9722430255848,139.653852581978,44
SHP0004,35.9723081459833,139.654005467892,45
SHP0004,35.9723906318215,139.654166400433,46
SHP0004,35.9726511134156,139.654579460621,47
SHP0004,35.9727631816893,139.654763846546,48
SHP0004,35.9730505185267,139.65523660183,49
SHP0004,35.9733714252472,139.65574613212,50
SHP0004,35.9734694597573,139.655901789665,51
SHP0004,35.9737798669903,139.656411409378,52
SHP0004,35.9740099590652,139.656794965267,53
SHP0004,35.9747718677281,139.656250476837,54
SHP0004,35.975001959803,139.656081497669,55
SHP0004,35.9750538305582,139.656043667576,56
SHP0004,35.97557936067,139.655660390854,57
SHP0004,35.975624944949,139.655628204346,58
SHP0004,35.9762479300951,139.655169546604,59
SHP0004,35.9771292261553,139.654641151428,60
SHP0004,35.9773983904693,139.654464125633,61
SHP0004,35.9780061808557,139.65409129858,62
SHP0004,35.9783187235598,139.653903543949,63
SHP0004,35.9787586601042,139.653624180944,64
SHP0004,35.978810645421,139.653591169878,65
SHP0004,35.9790241150793,139.653455615044,66
SHP0004,35.9795971100368,139.653098881245,67
SHP0004,35.979744699647,139.652951359749,68
SHP0004,35.979983447546,139.653147161007,69
SHP0004,35.9801896389132,139.653281271458,70
SHP0004,35.9806107033895,139.653584361076,71
SHP0004,35.9811771870407,139.653930366039,72
SHP0004,35.981203232266,139.653943777084,73
SHP0004,35.9812336183622,139.65373724699,74
SHP0004,35.9812292774913,139.653675556183,75
SHP0004,35.9811945505242,139.653632640839,76
SHP0004,35.9809840182861,139.653552174568,77
SHP0004,35.9808776669493,139.653474390507,78
SHP0004,35.980847280853,139.653434157372,79
SHP0004,35.9808385991113,139.653393924236,80
SHP0004,35.9808494512885,139.653313457966,81
SHP0004,35.9808754965138,139.653270542622,82
SHP0004,35.9809275869645,139.653232991695,83
SHP0004,35.980988359157,139.653232991695,84
SHP0004,35.9813291175218,139.653428792953,85
SHP0004,35.9813660149244,139.653528034687,86
SHP0004,35.9813508112555,139.653631924527,87
SHP0004,35.9813291175218,139.653780162334,88
SHP0004,35.981300901861,139.653992056847,89
SHP0004,35.981203232266,139.653943777084,90
SHP0004,35.9811771870407,139.653930366039,91
SHP0004,35.9806107033895,139.653584361076,92
SHP0004,35.9801896389132,139.653281271458,93
SHP0004,35.979983447546,139.653147161007,94
SHP0004,35.979744699647,139.652951359749,95
SHP0004,35.9795971100368,139.653098881245,96
SHP0004,35.9790241150793,139.653455615044,97
SHP0004,35.978810645421,139.653591169878,98
SHP0004,35.9787586601042,139.653624180944,99
SHP0004,35.9783187235598,139.653903543949,100
SHP0004,35.9780061808557,139.65409129858,101
SHP0004,35.9773983904693,139.654464125633,102
SHP0004,35.9771292261553,139.654641151428,103
SHP0004,35.9762479300951,139.655169546604,104
SHP0004,35.975624944949,139.655628204346,105
SHP0004,35.97557936067,139.655660390854,106
SHP0004,35.9750538305582,139.656043667576,107
SHP0004,35.975001959803,139.656081497669,108
SHP0004,35.9747718677281,139.656250476837,109
SHP0004,35.9740099590652,139.656794965267,110
SHP0004,35.9741879548212,139.657127559185,111
SHP0004,35.9744484364154,139.657642543316,112
SHP0004,35.9746481389709,139.658026099205,113
SHP0004,35.9747371368489,139.658203125,114
SHP0004,35.9747501609286,139.65822994709,115
SHP0004,35.9747827211279,139.658291637897,116
SHP0004,35.9748022572474,139.658331871033,117
SHP0004,35.9748098332188,139.658346523468,118
SHP0004,35.9748881268764,139.658497948638,119
SHP0004,35.975001959803,139.658718109131,120
SHP0004,35.9750844456411,139.658887088299,121
SHP0004,35.975001959803,139.658946096897,122
SHP0004,35.9745417756533,139.65923845768,123
SHP0004,35.9743507558176,139.659361839294,124
SHP0004,35.9742899767789,139.659396708012,125
SHP0004,35.9741163223828,139.659522771835,126
SHP0004,35.9740338365447,139.65959250927,127
SHP0004,35.9738297926292,139.659815132618,128
SHP0004,35.9736821863925,139.660016298294,129
SHP0004,35.9735497749155,139.660220146179,130
SHP0004,35.9734542649976,139.660364985466,131
SHP0004,35.9732567331221,139.660673439503,132
SHP0004,35.9730961028057,139.66092556715,133
SHP0004,35.9730548598866,139.660992622375,134
SHP0004,35.9729769854331,139.661106890593,135
SHP0004,35.9729161462187,139.661196162341,136
SHP0004,35.9728464746112,139.661298394203,137
SHP0004,35.9727922076125,139.661381542683,138
SHP0004,35.9726988683746,139.661518335342,139
SHP0004,35.9725925050569,139.66163367033,140
SHP0004,35.9724362161004,139.661751687527,141
SHP0004,35.9720780539085,139.661952853203,142
SHP0004,35.9719543251512,139.662017226219,143
SHP0004,35.9717177210365,139.662108421326,144
SHP0004,35.9710882238506,139.662363231182,145
SHP0004,35.9709666657733,139.662443697453,146
SHP0004,35.9709123987746,139.662497341633,147
SHP0004,35.9708277422564,139.662620723248,148
SHP0004,35.9707040134992,139.662851393223,149
SHP0004,35.9705260177432,139.663157165051,150
SHP0004,35.9704305078253,139.663299322128,151
SHP0004,35.9703936062662,139.663374423981,152
SHP0004,35.9703697287867,139.663460254669,153
SHP0004,35.9702915843085,139.663929641247,154
SHP0004,35.970265536149,139.664018154144,155
SHP0004,35.9702329759498,139.664082527161,156
SHP0004,35.9700940524329,139.664299786091,157
SHP0004,35.9698878378375,139.664734303951,158
SHP0004,35.9697944680157,139.66492411078,159
SHP0004,35.969551382445,139.66541826725,160
SHP0004,35.9693929228086,139.665697216988,161
SHP0004,35.9697901572397,139.66607272625,162
SHP0004,35.9699073739571,139.666158556938,163
SHP0004,35.9700658335935,139.666249752045,164
SHP0004,35.9702829015887,139.66639727354,165
SHP0004,35.9705433831828,139.666571617126,166
SHP0004,35.9705607486224,139.666630625725,167
SHP0004,35.9705694313422,139.666665494442,168
SHP0004,35.9706432344606,139.666922986507,169
SHP0004,35.9708624731357,139.66762304306,170
SHP0004,35.9708885212951,139.667695462704,171
SHP0004,35.9705433831828,139.667810797691,172
SHP0004,35.9700311027143,139.668036103249,173
SHP0004,35.9694341657277,139.668315052986,174
SHP0004,35.9691150757748,139.668481349945,175
SHP0004,35.9683574231476,139.668897092342,176
SHP0004,35.9681859201174,139.669004380703,177
SHP0004,35.9678646233013,139.669189453125,178
SHP0004,35.9676062832938,139.669336974621,179
SHP0004,35.9666684439387,139.669935107231,180
SHP0004,35.9650641307826,139.671064317226,181
SHP0004,35.9642934526088,139.671667814255,182
SHP0004,35.964334700173,139.671759009361,183
SHP0004,35.9643368710975,139.671855568886,184
SHP0004,35.9643173327776,139.671936035156,185
SHP0004,35.9642934526088,139.671992361546,186
SHP0004,35.9642500341202,139.672056734562,187
SHP0004,35.9640524799967,139.672282040119,188
SHP0004,35.963948275624,139.672418832779,189
SHP0004,35.963714254043,139.67280215848,190
SHP0004,35.9636617135988,139.672888219357,191
SHP0004,35.9635010651907,139.673167169094,192
SHP0004,35.9632622635031,139.673556089401,193
SHP0004,35.9630907604729,139.673851132393,194
SHP0004,35.9628953772739,139.674207866192,195
SHP0004,35.9628519587852,139.674288332462,196
SHP0004,35.9627781473545,139.674409031868,197
SHP0004,35.9626023024754,139.674712121487,198
SHP0004,35.9624633633117,139.674999117851,199
SHP0004,35.9624351269336,139.675065299517,200
SHP0004,35.9624111191703,139.67512156997,201
SHP0004,35.9623157404502,139.675345122814,202
SHP0004,35.962274492886,139.67543900013,203
SHP0004,35.9621181863268,139.675825238228,204
SHP0004,35.9620725969137,139.675919115543,205
SHP0004,35.9619097775812,139.676203429699,206
SHP0004,35.9616188737072,139.676621854305,207
SHP0004,35.9614669089969,139.676919579506,208
SHP0004,35.9614017812639,139.677069783211,209
SHP0004,35.9611608086518,139.677619636059,210
SHP0004,35.9609936474705,139.678000509739,211
SHP0004,35.9608373409113,139.678346514702,212
SHP0004,35.960520385944,139.679097533226,213
SHP0004,35.9604465745133,139.679274559021,214
SHP0004,35.9602229692967,139.679827094078,215
SHP0004,35.9602099422834,139.679861962795,216
SHP0004,35.9601426360478,139.680030941963,217
SHP0004,35.9600775009811,139.68017578125,218
SHP0004,35.9600362487721,139.680261611938,219
SHP0004,35.9599038074698,139.680519104004,220
SHP0004,35.9597909066876,139.68072026968,221
SHP0004,35.959601244603,139.681059452478,222
SHP0004,35.9595629339541,139.68112796545,223
SHP0004,35.9593848981051,139.681433737278,224
SHP0004,35.9591417271894,139.681868255138,225
SHP0004,35.9590809344605,139.681986272335,226
SHP0004,35.9590244840693,139.682117700577,227
SHP0004,35.9590006012116,139.682187438011,228
SHP0004,35.9589484931582,139.682372510433,229
SHP0004,35.9589094121182,139.682557582855,230
SHP0004,35.9588464482204,139.682962596416,231
SHP0004,35.9588160518559,139.683094024658,232
SHP0004,35.9587248627625,139.683332741261,233
SHP0004,35.9586684123714,139.683458805084,234
SHP0004,35.958457808989,139.683794081211,235
SHP0004,35.9583340523623,139.683981835842,236
SHP0004,35.957845539362,139.684724807739,237
SHP0004,35.957767377282,139.684837460518,238
SHP0004,35.9569531889482,139.685982763767,239
SHP0004,35.9566927197987,139.686330222743,240
SHP0004,35.9564907299746,139.686599671841,241
SHP0004,35.9563105229567,139.686851799488,242
SHP0004,35.9562763603053,139.686892608029,243
SHP0004,35.956047811521,139.687165617943,244
SHP0004,35.9560152439876,139.687203168869,245
SHP0004,35.9557633883964,139.687492847443,246
SHP0004,35.9552857312405,139.688034653664,247
SHP0004,35.9550642720137,139.688276052475,248
SHP0004,35.9550251909737,139.688321650028,249
SHP0004,35.9546256958979,139.688761532307,250
SHP0004,35.9545757590135,139.688823223114,251
SHP0004,35.9542696241999,139.689169228077,252
SHP0004,35.9540286244531,139.689453542233,253
SHP0004,35.9538353904219,139.68970566988,254
SHP0004,35.9538158499019,139.689740538597,255
SHP0004,35.9537217690163,139.689926231778,256
SHP0004,35.9536269582085,139.69011336565,257
SHP0004,35.9535588111402,139.690238443811,258
SHP0004,35.9535509672973,139.690252840519,259
SHP0004,35.9533751026172,139.69068467617,260
SHP0004,35.9532556883283,139.690939486027,261
SHP0004,35.9531449587149,139.691162109375,262
SHP0004,35.9531102200126,139.691226482391,263
SHP0004,35.952945211177,139.691567122936,264
SHP0004,35.9528952742925,139.69166636467,265
SHP0004,35.9525348602567,139.69229131937,266
SHP0004,35.9521375363498,139.691862165928,267
SHP0004,35.9520224643987,139.691733419895,268
SHP0004,35.9519616716697,139.69166636467,269
SHP0004,35.9518639690697,139.691559076309,270
SHP0004,35.9514883568517,139.691162109375,271
SHP0004,35.9513298615227,139.690995812416,272
SHP0004,35.9512017481367,139.690861701965,273
SHP0004,35.9509867782178,139.691162109375,274
SHP0004,35.950752265579,139.691483974457,275
SHP0004,35.9506219807796,139.691663682461,276
SHP0004,35.9506198093663,139.69166636467,277
SHP0004,35.9504070108607,139.691977500916,278
SHP0004,35.9504135251007,139.692049920559,279
SHP0004,35.9504352392339,139.69210088253,280
SHP0004,35.9504612961938,139.692143797874,281
SHP0004,35.9505394670734,139.692221581936,282
SHP0004,35.9506502091528,139.692331552505,283
SHP0004,35.9506697518727,139.692390561104,284
SHP0004,35.950671923286,139.692436158657,285
SHP0004,35.9506610662194,139.692476391792,286
SHP0004,35.95061157157,139.692540925923,287
